>GGAGGCAAAGGT	18-GGAGGCAAAGGT	7.142887	-36.265753	0	T:60.0(60.61%),B:68.6(17.59%),P:1e-15
0.059	0.059	0.744	0.138
0.138	0.081	0.742	0.039
0.743	0.039	0.099	0.119
0.180	0.001	0.760	0.059
0.099	0.118	0.781	0.002
0.160	0.682	0.059	0.099
0.842	0.080	0.039	0.039
0.736	0.163	0.059	0.042
0.881	0.020	0.079	0.020
0.158	0.020	0.704	0.118
0.039	0.118	0.744	0.099
0.062	0.140	0.140	0.658
