>CYNCCYCYKCCY	15-CYNCCYCYKCCY	7.121614	-45.930779	0	T:59.0(59.60%),B:49.4(12.66%),P:1e-19
0.025	0.671	0.158	0.146
0.158	0.456	0.025	0.361
0.209	0.234	0.215	0.342
0.025	0.811	0.120	0.044
0.032	0.601	0.019	0.348
0.051	0.418	0.190	0.342
0.044	0.703	0.215	0.038
0.146	0.430	0.082	0.342
0.038	0.070	0.405	0.487
0.050	0.849	0.063	0.038
0.051	0.740	0.013	0.196
0.177	0.361	0.208	0.253
