>CAGCCTGGGCRA	4-CAGCCTGGGCRA	9.296502	-71.728013	0	T:47.0(47.47%),B:5.6(1.45%),P:1e-31
0.001	0.956	0.001	0.042
0.957	0.001	0.001	0.041
0.001	0.042	0.915	0.042
0.001	0.915	0.042	0.042
0.001	0.956	0.001	0.042
0.042	0.001	0.042	0.915
0.041	0.001	0.957	0.001
0.170	0.042	0.787	0.001
0.001	0.262	0.736	0.001
0.084	0.618	0.042	0.256
0.530	0.084	0.385	0.001
0.789	0.084	0.126	0.001
