>CTCAGCCTCC	1-CTCAGCCTCC	7.070752	-86.454748	0	T:61.0(61.62%),B:13.7(3.52%),P:1e-37	Tpos:2011.8,Tstd:2418.3,Bpos:3567.5,Bstd:2233.9,StrandBias:-0.3,Multiplicity:3.33
0.001	0.978	0.001	0.020
0.009	0.001	0.001	0.989
0.010	0.979	0.010	0.001
0.712	0.074	0.140	0.074
0.010	0.001	0.979	0.010
0.001	0.989	0.001	0.009
0.010	0.958	0.001	0.031
0.001	0.001	0.001	0.997
0.001	0.968	0.030	0.001
0.010	0.926	0.001	0.063
>CWCTGCCACC	2-CWCTGCCACC	6.891601	-79.488607	0	T:67.0(67.68%),B:28.3(7.26%),P:1e-34	Tpos:2119.6,Tstd:2368.7,Bpos:2685.8,Bstd:2341.4,StrandBias:0.5,Multiplicity:2.00
0.167	0.613	0.069	0.151
0.384	0.232	0.098	0.286
0.096	0.733	0.060	0.111
0.232	0.072	0.055	0.641
0.038	0.147	0.658	0.157
0.004	0.678	0.097	0.221
0.152	0.716	0.069	0.063
0.447	0.215	0.096	0.242
0.116	0.570	0.247	0.067
0.080	0.796	0.044	0.080
>VCCAGGCTGG	3-VCCAGGCTGG	9.964248	-76.983115	0	T:46.0(46.46%),B:2.9(0.73%),P:1e-33	Tpos:2001.0,Tstd:2668.1,Bpos:4775.3,Bstd:3381.6,StrandBias:-0.3,Multiplicity:2.57
0.250	0.251	0.354	0.146
0.001	0.721	0.001	0.277
0.001	0.997	0.001	0.001
0.997	0.001	0.001	0.001
0.001	0.001	0.997	0.001
0.001	0.395	0.570	0.034
0.243	0.755	0.001	0.001
0.001	0.001	0.001	0.997
0.001	0.001	0.997	0.001
0.383	0.034	0.582	0.001
>AGCTGGGATT	4-AGCTGGGATT	9.285223	-75.819971	0	T:51.0(51.52%),B:7.3(1.87%),P:1e-32	Tpos:1755.4,Tstd:2099.8,Bpos:3049.8,Bstd:2745.2,StrandBias:-0.2,Multiplicity:2.78
0.710	0.001	0.083	0.206
0.028	0.001	0.969	0.002
0.142	0.770	0.086	0.002
0.001	0.001	0.001	0.997
0.057	0.001	0.941	0.001
0.254	0.001	0.717	0.028
0.087	0.055	0.857	0.001
0.579	0.139	0.281	0.001
0.167	0.112	0.169	0.552
0.141	0.312	0.028	0.519
>CTSACTGCAR	5-CTSACTGCAR	7.091807	-67.791086	0	T:52.0(52.53%),B:13.3(3.40%),P:1e-29	Tpos:1811.6,Tstd:2201.1,Bpos:1990.1,Bstd:1533.6,StrandBias:-0.2,Multiplicity:1.92
0.254	0.480	0.075	0.191
0.314	0.034	0.027	0.625
0.048	0.438	0.364	0.150
0.451	0.226	0.290	0.034
0.048	0.840	0.057	0.055
0.102	0.034	0.020	0.844
0.048	0.014	0.573	0.365
0.144	0.562	0.090	0.204
0.646	0.061	0.027	0.266
0.385	0.171	0.383	0.061
>AGTGCAGTGG	6-AGTGCAGTGG	9.493681	-65.787875	0	T:46.0(46.46%),B:7.1(1.82%),P:1e-28	Tpos:1486.4,Tstd:1940.0,Bpos:2773.9,Bstd:2160.9,StrandBias:0.0,Multiplicity:1.85
0.886	0.001	0.112	0.001
0.001	0.001	0.997	0.001
0.044	0.022	0.001	0.933
0.022	0.001	0.955	0.022
0.022	0.955	0.022	0.001
0.964	0.001	0.013	0.022
0.113	0.044	0.842	0.001
0.001	0.022	0.022	0.955
0.001	0.001	0.997	0.001
0.022	0.001	0.955	0.022
>AGGCATGWGC	7-AGGCATGWGC	8.558787	-64.932168	0	T:49.0(49.49%),B:11.4(2.91%),P:1e-28	Tpos:1916.8,Tstd:2340.2,Bpos:5313.1,Bstd:2618.2,StrandBias:0.0,Multiplicity:1.62
0.884	0.001	0.001	0.114
0.001	0.001	0.997	0.001
0.001	0.001	0.997	0.001
0.001	0.946	0.052	0.001
0.946	0.001	0.052	0.001
0.053	0.001	0.158	0.788
0.001	0.158	0.788	0.053
0.485	0.001	0.001	0.513
0.001	0.001	0.997	0.001
0.105	0.893	0.001	0.001
>CTCCTGSCCT	8-CTCCTGSCCT	7.232284	-60.511470	0	T:66.0(66.67%),B:46.6(11.94%),P:1e-26	Tpos:2289.3,Tstd:2939.5,Bpos:2143.8,Bstd:2318.4,StrandBias:0.0,Multiplicity:3.34
0.048	0.551	0.064	0.337
0.133	0.220	0.057	0.590
0.004	0.833	0.079	0.084
0.061	0.930	0.001	0.008
0.304	0.057	0.031	0.608
0.053	0.043	0.562	0.342
0.096	0.351	0.460	0.093
0.088	0.673	0.123	0.116
0.061	0.666	0.004	0.269
0.096	0.267	0.035	0.602
>CCAGGCCCAG	9-CCAGGCCCAG	7.463581	-55.924656	0	T:60.0(60.61%),B:38.3(9.81%),P:1e-24	Tpos:2522.4,Tstd:2814.6,Bpos:2849.9,Bstd:2053.5,StrandBias:0.4,Multiplicity:2.43
0.001	0.813	0.093	0.093
0.001	0.906	0.001	0.092
0.804	0.001	0.194	0.001
0.001	0.016	0.609	0.374
0.008	0.001	0.789	0.202
0.287	0.711	0.001	0.001
0.189	0.616	0.001	0.194
0.001	0.812	0.094	0.093
0.587	0.001	0.001	0.411
0.001	0.210	0.788	0.001
>TGGAGGATGG	10-TGGAGGATGG	8.398697	-53.777336	0	T:46.0(46.46%),B:15.3(3.92%),P:1e-23	Tpos:2082.9,Tstd:2895.8,Bpos:3482.7,Bstd:1924.0,StrandBias:-0.1,Multiplicity:1.42
0.305	0.020	0.102	0.573
0.040	0.052	0.888	0.020
0.032	0.054	0.833	0.081
0.855	0.001	0.061	0.083
0.042	0.021	0.876	0.061
0.113	0.061	0.784	0.042
0.846	0.052	0.021	0.081
0.114	0.020	0.121	0.745
0.040	0.020	0.838	0.102
0.060	0.061	0.778	0.101
>AAAAAGAAAA	11-AAAAAGAAAA	9.955732	-52.984437	0	T:41.0(41.41%),B:9.5(2.44%),P:1e-23	Tpos:2142.9,Tstd:2537.8,Bpos:1492.8,Bstd:824.6,StrandBias:0.1,Multiplicity:1.56
0.997	0.001	0.001	0.001
0.912	0.001	0.001	0.086
0.897	0.001	0.051	0.051
0.953	0.019	0.001	0.027
0.825	0.001	0.087	0.087
0.001	0.001	0.708	0.290
0.687	0.051	0.261	0.001
0.912	0.001	0.086	0.001
0.825	0.173	0.001	0.001
0.997	0.001	0.001	0.001
>TTTTTTTTTK	12-TTTTTTTTTK	8.094083	-51.905665	0	T:50.0(50.51%),B:23.8(6.11%),P:1e-22	Tpos:1804.6,Tstd:2217.7,Bpos:1051.6,Bstd:1630.6,StrandBias:-0.6,Multiplicity:3.00
0.016	0.317	0.032	0.635
0.040	0.293	0.008	0.659
0.001	0.136	0.040	0.823
0.032	0.032	0.143	0.793
0.040	0.048	0.190	0.722
0.024	0.262	0.064	0.650
0.143	0.119	0.032	0.706
0.040	0.087	0.292	0.581
0.165	0.032	0.136	0.667
0.032	0.032	0.497	0.439
>TACAAAAAAT	13-TACAAAAAAT	11.855200	-49.631847	0	T:32.0(32.32%),B:2.6(0.67%),P:1e-21	Tpos:2117.5,Tstd:2430.4,Bpos:2825.6,Bstd:1683.5,StrandBias:0.9,Multiplicity:2.58
0.010	0.001	0.017	0.972
0.982	0.001	0.016	0.001
0.016	0.982	0.001	0.001
0.620	0.017	0.001	0.362
0.979	0.010	0.010	0.001
0.997	0.001	0.001	0.001
0.982	0.001	0.016	0.001
0.989	0.009	0.001	0.001
0.715	0.017	0.001	0.267
0.069	0.017	0.001	0.913
>GTGATCCACC	14-GTGATCCACC	9.142615	-47.082453	0	T:33.0(33.33%),B:4.3(1.09%),P:1e-20	Tpos:1421.1,Tstd:1539.6,Bpos:2348.1,Bstd:1713.8,StrandBias:-0.5,Multiplicity:1.78
0.073	0.127	0.745	0.055
0.055	0.036	0.055	0.854
0.073	0.072	0.854	0.001
0.836	0.055	0.018	0.091
0.055	0.018	0.225	0.702
0.018	0.905	0.001	0.076
0.036	0.761	0.001	0.202
0.665	0.055	0.168	0.112
0.073	0.855	0.036	0.036
0.018	0.835	0.055	0.092
>TCTCACTCTG	15-TCTCACTCTG	10.320980	-47.018559	0	T:35.0(35.35%),B:6.7(1.71%),P:1e-20	Tpos:2077.4,Tstd:2817.3,Bpos:2303.4,Bstd:1574.9,StrandBias:-0.5,Multiplicity:1.60
0.001	0.084	0.001	0.914
0.085	0.829	0.085	0.001
0.001	0.084	0.001	0.914
0.001	0.997	0.001	0.001
0.804	0.001	0.110	0.085
0.001	0.914	0.084	0.001
0.001	0.001	0.001	0.997
0.085	0.822	0.092	0.001
0.085	0.001	0.085	0.829
0.084	0.001	0.914	0.001
>GGTGAAACCC	16-GGTGAAACCC	10.273408	-41.899672	0	T:33.0(33.33%),B:7.1(1.81%),P:1e-18	Tpos:1842.3,Tstd:2060.3,Bpos:2720.1,Bstd:2350.4,StrandBias:0.9,Multiplicity:1.55
0.001	0.001	0.997	0.001
0.001	0.001	0.997	0.001
0.001	0.037	0.001	0.961
0.076	0.001	0.922	0.001
0.997	0.001	0.001	0.001
0.923	0.038	0.038	0.001
0.961	0.001	0.037	0.001
0.037	0.961	0.001	0.001
0.001	0.961	0.001	0.037
0.001	0.997	0.001	0.001
>CAGGAGAATT	17-CAGGAGAATT	9.755410	-41.690246	0	T:31.0(31.31%),B:5.1(1.31%),P:1e-18	Tpos:1570.3,Tstd:1583.0,Bpos:2816.9,Bstd:1516.6,StrandBias:0.3,Multiplicity:1.55
0.129	0.869	0.001	0.001
0.869	0.001	0.129	0.001
0.001	0.001	0.930	0.068
0.258	0.001	0.740	0.001
0.997	0.001	0.001	0.001
0.001	0.001	0.997	0.001
0.611	0.001	0.259	0.129
0.997	0.001	0.001	0.001
0.001	0.001	0.001	0.997
0.001	0.279	0.003	0.717
>CTTGAACCCG	18-CTTGAACCCG	9.371912	-40.028396	0	T:31.0(31.31%),B:6.5(1.66%),P:1e-17	Tpos:2140.5,Tstd:2495.5,Bpos:3888.8,Bstd:2834.7,StrandBias:0.0,Multiplicity:1.66
0.001	0.830	0.001	0.168
0.001	0.056	0.002	0.941
0.112	0.001	0.001	0.886
0.056	0.001	0.887	0.056
0.886	0.001	0.112	0.001
0.662	0.056	0.226	0.056
0.056	0.887	0.001	0.056
0.113	0.830	0.001	0.056
0.113	0.652	0.001	0.234
0.190	0.113	0.582	0.115
>GCCAGGCCTG	19-GCCAGGCCTG	7.399391	-39.795939	0	T:47.0(47.47%),B:31.7(8.13%),P:1e-17	Tpos:2362.2,Tstd:2765.2,Bpos:2596.6,Bstd:2122.3,StrandBias:-0.5,Multiplicity:1.90
0.117	0.135	0.666	0.082
0.092	0.783	0.049	0.076
0.043	0.892	0.016	0.049
0.776	0.099	0.049	0.076
0.049	0.033	0.819	0.099
0.017	0.045	0.856	0.082
0.082	0.742	0.099	0.077
0.085	0.821	0.050	0.044
0.076	0.082	0.033	0.809
0.001	0.098	0.852	0.049
>AGAGACAGAG	20-AGAGACAGAG	7.465386	-37.584253	0	T:52.0(52.53%),B:45.4(11.63%),P:1e-16	Tpos:2720.7,Tstd:3064.1,Bpos:2171.1,Bstd:2409.1,StrandBias:0.8,Multiplicity:2.68
0.845	0.001	0.073	0.081
0.079	0.026	0.848	0.047
0.877	0.013	0.089	0.021
0.100	0.081	0.728	0.091
0.763	0.065	0.094	0.078
0.082	0.806	0.060	0.052
0.881	0.039	0.014	0.066
0.091	0.113	0.782	0.014
0.770	0.052	0.118	0.060
0.131	0.091	0.710	0.068
>CCCTCCCTGC	21-CCCTCCCTGC	7.930363	-33.359880	0	T:38.0(38.38%),B:22.0(5.64%),P:1e-14	Tpos:3506.8,Tstd:3751.9,Bpos:2175.3,Bstd:1847.3,StrandBias:0.4,Multiplicity:2.31
0.104	0.754	0.079	0.063
0.032	0.806	0.016	0.146
0.064	0.801	0.047	0.088
0.064	0.079	0.016	0.841
0.047	0.827	0.057	0.069
0.016	0.864	0.016	0.104
0.047	0.874	0.032	0.047
0.126	0.001	0.063	0.810
0.079	0.160	0.703	0.058
0.127	0.729	0.096	0.048
>AAGGAAGGAA	22-AAGGAAGGAA	8.792867	-29.020127	0	T:26.0(26.26%),B:8.5(2.17%),P:1e-12	Tpos:1254.2,Tstd:1180.1,Bpos:2218.7,Bstd:1507.5,StrandBias:-1.8,Multiplicity:1.29
0.935	0.025	0.015	0.025
0.974	0.001	0.001	0.024
0.001	0.001	0.984	0.014
0.265	0.001	0.733	0.001
0.997	0.001	0.001	0.001
0.997	0.001	0.001	0.001
0.001	0.001	0.997	0.001
0.394	0.024	0.581	0.001
0.997	0.001	0.001	0.001
0.997	0.001	0.001	0.001
>GTGTGTGTGT	23-GTGTGTGTGT	9.836819	-28.256718	0	T:21.0(21.21%),B:3.5(0.91%),P:1e-12	Tpos:4559.8,Tstd:4611.1,Bpos:1403.1,Bstd:1070.3,StrandBias:-0.4,Multiplicity:1.84
0.049	0.033	0.896	0.022
0.033	0.001	0.016	0.950
0.016	0.016	0.967	0.001
0.001	0.001	0.015	0.983
0.001	0.015	0.983	0.001
0.015	0.001	0.001	0.983
0.016	0.016	0.967	0.001
0.001	0.001	0.001	0.997
0.001	0.001	0.997	0.001
0.016	0.016	0.001	0.967
>ATAAATAYAT	24-ATAAATAYAT	8.727836	-18.669771	0	T:15.0(15.15%),B:3.4(0.86%),P:1e-8	Tpos:1921.2,Tstd:1766.7,Bpos:1206.9,Bstd:474.6,StrandBias:-0.2,Multiplicity:1.60
0.475	0.156	0.158	0.211
0.121	0.082	0.001	0.796
0.843	0.155	0.001	0.001
0.508	0.161	0.001	0.330
0.710	0.001	0.080	0.209
0.001	0.234	0.001	0.764
0.687	0.039	0.039	0.235
0.200	0.434	0.001	0.365
0.710	0.001	0.120	0.169
0.001	0.118	0.194	0.687
>GATGGATGGA	25-GATGGATGGA	10.171385	-7.526834	0	T:8.0(8.08%),B:4.4(1.13%),P:1e-3	Tpos:852.2,Tstd:993.1,Bpos:2944.5,Bstd:1924.3,StrandBias:2.4,Multiplicity:1.75
0.037	0.001	0.961	0.001
0.961	0.001	0.001	0.037
0.038	0.022	0.001	0.939
0.037	0.001	0.961	0.001
0.001	0.001	0.997	0.001
0.923	0.038	0.001	0.038
0.037	0.001	0.001	0.961
0.114	0.001	0.884	0.001
0.001	0.001	0.997	0.001
0.997	0.001	0.001	0.001
>GCCTCAGCCTCC	1-GCCTCAGCCTCC	6.871997	-88.693782	0	T:54.0(54.55%),B:4.7(1.21%),P:1e-38	Tpos:1846.0,Tstd:2116.0,Bpos:2569.7,Bstd:1684.0,StrandBias:-0.2,Multiplicity:3.89
0.337	0.038	0.624	0.001
0.001	0.948	0.001	0.050
0.001	0.986	0.001	0.012
0.001	0.001	0.001	0.997
0.001	0.997	0.001	0.001
0.690	0.103	0.117	0.090
0.063	0.001	0.935	0.001
0.001	0.986	0.001	0.012
0.001	0.973	0.001	0.025
0.001	0.001	0.001	0.997
0.001	0.997	0.001	0.001
0.001	0.948	0.001	0.050
>TGGGATTACAGG	2-TGGGATTACAGG	9.265495	-73.842597	0	T:43.0(43.43%),B:1.8(0.45%),P:1e-32	Tpos:1585.1,Tstd:1605.3,Bpos:2515.1,Bstd:1160.3,StrandBias:-0.4,Multiplicity:3.07
0.001	0.001	0.001	0.997
0.014	0.001	0.984	0.001
0.001	0.001	0.997	0.001
0.001	0.014	0.984	0.001
0.997	0.001	0.001	0.001
0.001	0.202	0.001	0.796
0.001	0.014	0.001	0.984
0.969	0.001	0.029	0.001
0.001	0.907	0.001	0.091
0.984	0.001	0.014	0.001
0.015	0.001	0.969	0.015
0.001	0.014	0.984	0.001
>GRGYGYRGTGGC	3-GRGYGYRGTGGC	9.333348	-71.747504	0	T:49.0(49.49%),B:7.7(1.98%),P:1e-31	Tpos:1765.5,Tstd:2189.0,Bpos:2153.3,Bstd:1519.2,StrandBias:0.4,Multiplicity:2.98
0.146	0.045	0.808	0.001
0.436	0.001	0.562	0.001
0.001	0.001	0.997	0.001
0.002	0.510	0.001	0.487
0.370	0.001	0.536	0.093
0.002	0.535	0.001	0.462
0.485	0.001	0.512	0.002
0.184	0.001	0.814	0.001
0.001	0.045	0.048	0.906
0.001	0.001	0.997	0.001
0.045	0.001	0.909	0.045
0.001	0.942	0.001	0.056
>CAGCCTGGGCRA	4-CAGCCTGGGCRA	9.296502	-71.728013	0	T:47.0(47.47%),B:5.6(1.45%),P:1e-31	Tpos:1839.2,Tstd:2246.6,Bpos:2476.4,Bstd:1505.1,StrandBias:0.4,Multiplicity:2.87
0.001	0.956	0.001	0.042
0.957	0.001	0.001	0.041
0.001	0.042	0.915	0.042
0.001	0.915	0.042	0.042
0.001	0.956	0.001	0.042
0.042	0.001	0.042	0.915
0.041	0.001	0.957	0.001
0.170	0.042	0.787	0.001
0.001	0.262	0.736	0.001
0.084	0.618	0.042	0.256
0.530	0.084	0.385	0.001
0.789	0.084	0.126	0.001
>ADCTCCTGAGCT	5-ADCTCCTGAGCT	9.670788	-71.728013	0	T:47.0(47.47%),B:5.4(1.38%),P:1e-31	Tpos:1670.8,Tstd:2095.5,Bpos:2720.9,Bstd:1794.5,StrandBias:-0.2,Multiplicity:1.83
0.730	0.268	0.001	0.001
0.353	0.001	0.377	0.269
0.001	0.997	0.001	0.001
0.269	0.269	0.001	0.461
0.009	0.989	0.001	0.001
0.001	0.997	0.001	0.001
0.051	0.001	0.001	0.947
0.001	0.051	0.947	0.001
0.601	0.001	0.397	0.001
0.062	0.064	0.873	0.001
0.001	0.997	0.001	0.001
0.001	0.278	0.001	0.720
>TTTTTTTTTTTT	6-TTTTTTTTTTTT	12.049932	-60.982198	0	T:38.0(38.38%),B:2.5(0.64%),P:1e-26	Tpos:1743.9,Tstd:2108.4,Bpos:212.1,Bstd:104.1,StrandBias:-0.7,Multiplicity:2.05
0.029	0.085	0.035	0.851
0.030	0.065	0.041	0.864
0.053	0.029	0.029	0.889
0.006	0.012	0.041	0.941
0.053	0.029	0.054	0.864
0.059	0.035	0.059	0.847
0.253	0.059	0.131	0.557
0.047	0.030	0.029	0.894
0.072	0.018	0.023	0.887
0.018	0.012	0.018	0.952
0.041	0.012	0.024	0.923
0.035	0.012	0.115	0.838
>ATCACRGCTCAC	7-ATCACRGCTCAC	11.470692	-59.937804	0	T:36.0(36.36%),B:1.6(0.40%),P:1e-26	Tpos:1657.5,Tstd:2139.2,Bpos:3074.2,Bstd:1851.4,StrandBias:-0.5,Multiplicity:1.58
0.997	0.001	0.001	0.001
0.001	0.320	0.001	0.678
0.001	0.947	0.051	0.001
0.559	0.269	0.001	0.171
0.001	0.724	0.001	0.274
0.541	0.001	0.457	0.001
0.001	0.001	0.997	0.001
0.001	0.997	0.001	0.001
0.001	0.001	0.001	0.997
0.001	0.997	0.001	0.001
0.708	0.290	0.001	0.001
0.001	0.678	0.001	0.320
>CAGAAAMAGAAA	8-CAGAAAMAGAAA	7.132893	-58.850779	0	T:55.0(55.56%),B:25.1(6.44%),P:1e-25	Tpos:1983.9,Tstd:2761.3,Bpos:2158.9,Bstd:1687.3,StrandBias:0.1,Multiplicity:1.47
0.244	0.430	0.184	0.142
0.681	0.049	0.089	0.181
0.203	0.134	0.550	0.113
0.634	0.147	0.156	0.063
0.518	0.138	0.220	0.124
0.648	0.149	0.155	0.048
0.285	0.417	0.158	0.140
0.619	0.096	0.130	0.155
0.182	0.170	0.523	0.125
0.600	0.127	0.148	0.125
0.691	0.090	0.153	0.066
0.493	0.132	0.276	0.099
>ATGGTGAAACCC	9-ATGGTGAAACCC	7.849711	-56.159318	0	T:39.0(39.39%),B:5.8(1.48%),P:1e-24	Tpos:1665.7,Tstd:2184.8,Bpos:2255.8,Bstd:1226.6,StrandBias:0.3,Multiplicity:1.64
0.628	0.163	0.079	0.130
0.195	0.070	0.261	0.475
0.283	0.093	0.480	0.144
0.172	0.196	0.475	0.158
0.242	0.009	0.144	0.605
0.079	0.121	0.799	0.001
0.697	0.130	0.172	0.001
0.554	0.070	0.288	0.088
0.530	0.195	0.191	0.084
0.001	0.655	0.209	0.135
0.134	0.554	0.001	0.311
0.172	0.498	0.028	0.302
>CCTGYYTCCCWV	10-CCTGYYTCCCWV	6.515001	-55.472158	0	T:79.0(79.80%),B:92.8(23.80%),P:1e-24	Tpos:2953.4,Tstd:3485.8,Bpos:2021.2,Bstd:2293.5,StrandBias:-0.2,Multiplicity:3.18
0.046	0.461	0.224	0.270
0.069	0.817	0.041	0.073
0.375	0.023	0.009	0.593
0.041	0.228	0.653	0.078
0.046	0.356	0.224	0.375
0.182	0.357	0.082	0.379
0.059	0.228	0.087	0.626
0.005	0.507	0.164	0.324
0.041	0.553	0.032	0.374
0.219	0.703	0.046	0.032
0.411	0.228	0.037	0.324
0.274	0.237	0.333	0.155
>AAAAAAAAAAAA	11-AAAAAAAAAAAA	8.957220	-54.964036	0	T:59.0(59.60%),B:37.3(9.56%),P:1e-23	Tpos:1824.8,Tstd:2202.1,Bpos:997.5,Bstd:1588.4,StrandBias:0.1,Multiplicity:2.78
0.875	0.021	0.010	0.094
0.927	0.001	0.041	0.031
0.864	0.073	0.021	0.042
0.831	0.010	0.042	0.117
0.621	0.147	0.094	0.138
0.714	0.064	0.063	0.159
0.820	0.044	0.021	0.115
0.684	0.096	0.073	0.147
0.885	0.021	0.042	0.052
0.757	0.127	0.042	0.074
0.906	0.021	0.021	0.052
0.822	0.001	0.031	0.146
>TTCTTRACCTTC	12-TTCTTRACCTTC	8.825534	-54.944187	0	T:48.0(48.48%),B:17.5(4.50%),P:1e-23	Tpos:1612.8,Tstd:2567.9,Bpos:3523.7,Bstd:2073.7,StrandBias:-0.3,Multiplicity:1.45
0.008	0.001	0.368	0.623
0.113	0.058	0.001	0.828
0.001	0.990	0.008	0.001
0.056	0.169	0.001	0.774
0.056	0.294	0.001	0.649
0.462	0.056	0.480	0.001
0.935	0.056	0.001	0.008
0.179	0.417	0.169	0.235
0.001	0.632	0.001	0.366
0.001	0.113	0.065	0.821
0.169	0.311	0.001	0.519
0.056	0.775	0.056	0.113
>CAGAGTGAGRCT	13-CAGAGTGAGRCT	7.894646	-50.078608	0	T:41.0(41.41%),B:11.9(3.04%),P:1e-21	Tpos:2242.1,Tstd:2573.1,Bpos:2005.0,Bstd:1652.6,StrandBias:0.5,Multiplicity:1.76
0.104	0.611	0.057	0.228
0.782	0.009	0.038	0.171
0.143	0.267	0.571	0.019
0.762	0.038	0.162	0.038
0.276	0.181	0.505	0.038
0.038	0.295	0.153	0.514
0.257	0.191	0.542	0.010
0.610	0.029	0.266	0.095
0.057	0.047	0.677	0.219
0.458	0.019	0.362	0.161
0.238	0.494	0.248	0.019
0.076	0.277	0.048	0.599
>TTCAMGCCATTC	14-TTCAMGCCATTC	6.886011	-48.924647	0	T:37.0(37.37%),B:7.2(1.85%),P:1e-21	Tpos:1918.5,Tstd:2419.2,Bpos:3957.8,Bstd:2555.3,StrandBias:-0.5,Multiplicity:1.62
0.001	0.004	0.001	0.994
0.001	0.001	0.001	0.997
0.001	0.994	0.004	0.001
0.997	0.001	0.001	0.001
0.352	0.390	0.129	0.129
0.001	0.001	0.997	0.001
0.001	0.719	0.001	0.279
0.151	0.648	0.200	0.001
0.997	0.001	0.001	0.001
0.001	0.001	0.001	0.997
0.001	0.001	0.001	0.997
0.001	0.870	0.001	0.128
>CYNCCYCYKCCY	15-CYNCCYCYKCCY	7.121614	-45.930779	0	T:59.0(59.60%),B:49.4(12.66%),P:1e-19	Tpos:2918.9,Tstd:3430.4,Bpos:2365.4,Bstd:2480.3,StrandBias:0.1,Multiplicity:3.00
0.025	0.671	0.158	0.146
0.158	0.456	0.025	0.361
0.209	0.234	0.215	0.342
0.025	0.811	0.120	0.044
0.032	0.601	0.019	0.348
0.051	0.418	0.190	0.342
0.044	0.703	0.215	0.038
0.146	0.430	0.082	0.342
0.038	0.070	0.405	0.487
0.050	0.849	0.063	0.038
0.051	0.740	0.013	0.196
0.177	0.361	0.208	0.253
>CAGGTAATCCAC	16-CAGGTAATCCAC	9.818482	-45.519760	0	T:31.0(31.31%),B:3.1(0.80%),P:1e-19	Tpos:1374.2,Tstd:1382.5,Bpos:2840.3,Bstd:1318.2,StrandBias:0.5,Multiplicity:1.54
0.001	0.890	0.001	0.108
0.944	0.001	0.001	0.054
0.288	0.001	0.657	0.054
0.001	0.001	0.997	0.001
0.001	0.054	0.001	0.944
0.581	0.001	0.364	0.054
0.944	0.001	0.054	0.001
0.001	0.001	0.001	0.997
0.001	0.944	0.001	0.054
0.001	0.917	0.001	0.081
0.584	0.001	0.129	0.286
0.007	0.991	0.001	0.001
>CCAGGSCCWGRG	17-CCAGGSCCWGRG	7.246872	-44.514434	0	T:40.0(40.40%),B:14.3(3.67%),P:1e-19	Tpos:2951.0,Tstd:3077.3,Bpos:3061.8,Bstd:1904.9,StrandBias:0.7,Multiplicity:2.25
0.085	0.500	0.233	0.182
0.289	0.705	0.001	0.005
0.529	0.097	0.045	0.329
0.227	0.001	0.681	0.091
0.142	0.045	0.660	0.153
0.001	0.500	0.426	0.073
0.244	0.528	0.001	0.227
0.125	0.529	0.176	0.170
0.318	0.074	0.170	0.438
0.005	0.289	0.705	0.001
0.420	0.023	0.296	0.261
0.176	0.176	0.557	0.091
>GGAGGCAAAGGT	18-GGAGGCAAAGGT	7.142887	-36.265753	0	T:60.0(60.61%),B:68.6(17.59%),P:1e-15	Tpos:2395.5,Tstd:2677.6,Bpos:1957.1,Bstd:2174.4,StrandBias:0.3,Multiplicity:2.00
0.059	0.059	0.744	0.138
0.138	0.081	0.742	0.039
0.743	0.039	0.099	0.119
0.180	0.001	0.760	0.059
0.099	0.118	0.781	0.002
0.160	0.682	0.059	0.099
0.842	0.080	0.039	0.039
0.736	0.163	0.059	0.042
0.881	0.020	0.079	0.020
0.158	0.020	0.704	0.118
0.039	0.118	0.744	0.099
0.062	0.140	0.140	0.658
>TYCYTYCYTYCY	19-TYCYTYCYTYCY	9.182848	-26.701691	0	T:22.0(22.22%),B:5.6(1.45%),P:1e-11	Tpos:1075.4,Tstd:1216.4,Bpos:2241.6,Bstd:1896.3,StrandBias:2.5,Multiplicity:1.59
0.206	0.142	0.057	0.595
0.001	0.433	0.106	0.460
0.001	0.858	0.001	0.140
0.063	0.496	0.001	0.440
0.247	0.269	0.007	0.477
0.014	0.419	0.092	0.474
0.001	0.696	0.056	0.247
0.042	0.545	0.001	0.412
0.184	0.227	0.021	0.568
0.014	0.511	0.001	0.474
0.007	0.872	0.001	0.120
0.014	0.496	0.001	0.490
>GTGTGTGTGTGT	20-GTGTGTGTGTGT	8.106683	-26.638277	0	T:28.0(28.28%),B:14.0(3.58%),P:1e-11	Tpos:5013.0,Tstd:4359.1,Bpos:1919.4,Bstd:2106.9,StrandBias:-0.4,Multiplicity:2.75
0.143	0.106	0.608	0.143
0.071	0.089	0.127	0.713
0.145	0.071	0.677	0.107
0.001	0.088	0.160	0.751
0.089	0.089	0.699	0.123
0.001	0.054	0.158	0.787
0.142	0.001	0.840	0.017
0.001	0.001	0.124	0.874
0.106	0.088	0.735	0.071
0.090	0.001	0.124	0.785
0.141	0.089	0.769	0.001
0.124	0.019	0.143	0.714
>CCTCCTCCAGGA	21-CCTCCTCCAGGA	7.728306	-24.633179	0	T:40.0(40.40%),B:39.2(10.06%),P:1e-10	Tpos:2707.3,Tstd:3058.6,Bpos:2393.9,Bstd:2414.1,StrandBias:1.0,Multiplicity:1.71
0.077	0.660	0.093	0.170
0.108	0.722	0.031	0.139
0.095	0.046	0.062	0.797
0.079	0.780	0.077	0.064
0.062	0.814	0.031	0.093
0.077	0.128	0.031	0.764
0.062	0.828	0.033	0.077
0.046	0.799	0.062	0.093
0.720	0.079	0.077	0.124
0.062	0.031	0.752	0.155
0.110	0.108	0.736	0.046
0.640	0.126	0.124	0.110
>GTAATTTTTAAA	22-GTAATTTTTAAA	7.974497	-23.560448	0	T:40.0(40.40%),B:41.1(10.53%),P:1e-10	Tpos:2754.6,Tstd:3632.1,Bpos:2130.1,Bstd:2197.9,StrandBias:0.5,Multiplicity:1.59
0.120	0.099	0.624	0.157
0.155	0.039	0.058	0.748
0.800	0.021	0.118	0.061
0.633	0.058	0.058	0.251
0.099	0.058	0.135	0.708
0.019	0.058	0.019	0.904
0.077	0.097	0.155	0.671
0.039	0.041	0.097	0.823
0.116	0.097	0.116	0.671
0.765	0.020	0.058	0.157
0.825	0.039	0.039	0.097
0.842	0.021	0.116	0.021
>GSAAGGCCCCAG	23-GSAAGGCCCCAG	8.291273	-21.500227	0	T:25.0(25.25%),B:15.0(3.84%),P:1e-9	Tpos:2179.4,Tstd:2452.5,Bpos:3383.7,Bstd:2033.7,StrandBias:0.2,Multiplicity:1.64
0.261	0.104	0.583	0.052
0.106	0.499	0.394	0.001
0.526	0.235	0.238	0.001
0.842	0.001	0.106	0.051
0.374	0.001	0.546	0.079
0.294	0.235	0.470	0.001
0.001	0.896	0.102	0.001
0.290	0.522	0.001	0.187
0.340	0.658	0.001	0.001
0.261	0.631	0.001	0.107
0.761	0.077	0.161	0.001
0.079	0.001	0.603	0.317
>ATATATWTATTT	24-ATATATWTATTT	9.479634	-20.146941	0	T:24.0(24.24%),B:14.5(3.71%),P:1e-8	Tpos:1612.4,Tstd:1274.1,Bpos:1718.9,Bstd:1165.6,StrandBias:0.0,Multiplicity:1.32
0.936	0.001	0.001	0.062
0.001	0.126	0.001	0.872
0.614	0.001	0.001	0.384
0.064	0.001	0.001	0.934
0.936	0.001	0.001	0.062
0.001	0.126	0.001	0.872
0.362	0.126	0.001	0.511
0.001	0.064	0.001	0.934
0.808	0.002	0.063	0.127
0.062	0.001	0.001	0.936
0.033	0.065	0.065	0.837
0.001	0.001	0.001	0.997
>GGATGGATGGAD	25-GGATGGATGGAD	5.643452	-13.788408	0	T:63.0(63.64%),B:142.3(36.49%),P:1e-5	Tpos:2601.4,Tstd:3335.4,Bpos:1840.7,Bstd:2120.4,StrandBias:0.1,Multiplicity:3.48
0.235	0.099	0.428	0.237
0.159	0.177	0.556	0.108
0.589	0.149	0.149	0.113
0.181	0.070	0.192	0.557
0.144	0.041	0.699	0.116
0.121	0.151	0.637	0.091
0.610	0.149	0.138	0.103
0.182	0.060	0.158	0.600
0.128	0.038	0.673	0.161
0.116	0.108	0.675	0.101
0.602	0.123	0.166	0.109
0.227	0.129	0.269	0.375
>CAGSCTGG	1-CAGSCTGG	10.438211	-65.951709	0	T:47.0(47.47%),B:8.5(2.18%),P:1e-28	Tpos:2018.4,Tstd:2568.1,Bpos:2652.4,Bstd:2440.0,StrandBias:-0.6,Multiplicity:2.53
0.001	0.997	0.001	0.001
0.997	0.001	0.001	0.001
0.001	0.001	0.997	0.001
0.001	0.466	0.532	0.001
0.001	0.997	0.001	0.001
0.001	0.001	0.001	0.997
0.001	0.001	0.997	0.001
0.001	0.001	0.997	0.001
>AGGCTGAG	2-AGGCTGAG	10.653807	-64.248561	0	T:47.0(47.47%),B:9.1(2.34%),P:1e-27	Tpos:1829.3,Tstd:2172.2,Bpos:2953.1,Bstd:2441.0,StrandBias:0.2,Multiplicity:2.23
0.997	0.001	0.001	0.001
0.001	0.001	0.997	0.001
0.001	0.001	0.997	0.001
0.001	0.997	0.001	0.001
0.193	0.146	0.001	0.660
0.001	0.001	0.997	0.001
0.997	0.001	0.001	0.001
0.001	0.001	0.997	0.001
>CCCAGCTG	3-CCCAGCTG	7.941000	-61.207507	0	T:68.0(68.69%),B:50.3(12.91%),P:1e-26	Tpos:2243.1,Tstd:2518.9,Bpos:2350.7,Bstd:2303.0,StrandBias:0.1,Multiplicity:3.35
0.001	0.997	0.001	0.001
0.001	0.805	0.001	0.193
0.001	0.997	0.001	0.001
0.997	0.001	0.001	0.001
0.001	0.001	0.997	0.001
0.001	0.622	0.376	0.001
0.335	0.178	0.001	0.486
0.199	0.196	0.428	0.177
>AAAGTGCT	4-AAAGTGCT	8.236954	-56.146006	0	T:40.0(40.40%),B:6.0(1.54%),P:1e-24	Tpos:1604.6,Tstd:2134.9,Bpos:1958.7,Bstd:1135.3,StrandBias:-0.3,Multiplicity:1.75
0.700	0.100	0.100	0.100
0.700	0.100	0.100	0.100
0.700	0.100	0.100	0.100
0.100	0.100	0.700	0.100
0.100	0.100	0.100	0.700
0.100	0.100	0.700	0.100
0.100	0.700	0.100	0.100
0.100	0.100	0.100	0.700
>CCTGACCT	5-CCTGACCT	8.732831	-55.727439	0	T:57.0(57.58%),B:32.9(8.43%),P:1e-24	Tpos:2145.9,Tstd:2592.0,Bpos:2050.0,Bstd:2021.3,StrandBias:-0.4,Multiplicity:2.21
0.001	0.896	0.001	0.102
0.001	0.997	0.001	0.001
0.001	0.001	0.001	0.997
0.001	0.001	0.997	0.001
0.766	0.001	0.232	0.001
0.001	0.858	0.140	0.001
0.001	0.997	0.001	0.001
0.001	0.001	0.001	0.997
>TGCAGTGA	6-TGCAGTGA	7.606538	-54.132311	0	T:59.0(59.60%),B:38.5(9.86%),P:1e-23	Tpos:1969.4,Tstd:2472.6,Bpos:2030.9,Bstd:1991.0,StrandBias:0.1,Multiplicity:3.02
0.001	0.001	0.001	0.997
0.057	0.001	0.941	0.001
0.001	0.997	0.001	0.001
0.997	0.001	0.001	0.001
0.001	0.001	0.997	0.001
0.001	0.001	0.084	0.914
0.001	0.001	0.997	0.001
0.598	0.001	0.308	0.093
>GCCAGGCA	7-GCCAGGCA	7.396572	-43.409830	0	T:61.0(61.62%),B:58.8(15.08%),P:1e-18	Tpos:2661.9,Tstd:3020.7,Bpos:2144.1,Bstd:2001.1,StrandBias:0.3,Multiplicity:2.65
0.001	0.148	0.729	0.122
0.001	0.876	0.001	0.122
0.001	0.997	0.001	0.001
0.869	0.001	0.001	0.129
0.001	0.001	0.944	0.054
0.001	0.099	0.899	0.001
0.069	0.929	0.001	0.001
0.997	0.001	0.001	0.001
>TGAGCCAS	8-TGAGCCAS	7.633755	-43.225543	0	T:46.0(46.46%),B:25.8(6.63%),P:1e-18	Tpos:2252.1,Tstd:2911.4,Bpos:2766.9,Bstd:2141.2,StrandBias:-0.1,Multiplicity:2.13
0.001	0.164	0.001	0.834
0.001	0.164	0.652	0.183
0.898	0.001	0.100	0.001
0.001	0.001	0.878	0.120
0.217	0.683	0.099	0.001
0.001	0.997	0.001	0.001
0.680	0.101	0.119	0.100
0.001	0.399	0.500	0.100
>TGGGTGGR	9-TGGGTGGR	6.475510	-41.892084	0	T:69.0(69.70%),B:84.2(21.59%),P:1e-18	Tpos:2888.3,Tstd:3212.8,Bpos:2294.7,Bstd:2305.2,StrandBias:-0.4,Multiplicity:3.00
0.030	0.001	0.001	0.968
0.001	0.001	0.997	0.001
0.001	0.001	0.997	0.001
0.035	0.001	0.963	0.001
0.301	0.001	0.001	0.697
0.084	0.001	0.914	0.001
0.001	0.001	0.997	0.001
0.424	0.136	0.439	0.001
>TTTTTTTT	10-TTTTTTTT	8.236954	-41.801413	0	T:44.0(44.44%),B:23.7(6.07%),P:1e-18	Tpos:1809.2,Tstd:2065.4,Bpos:781.2,Bstd:1489.1,StrandBias:-0.7,Multiplicity:2.09
0.100	0.100	0.100	0.700
0.100	0.100	0.100	0.700
0.100	0.100	0.100	0.700
0.100	0.100	0.100	0.700
0.100	0.100	0.100	0.700
0.100	0.100	0.100	0.700
0.100	0.100	0.100	0.700
0.100	0.100	0.100	0.700
>GGGAGGCC	11-GGGAGGCC	9.360064	-40.052554	0	T:38.0(38.38%),B:15.1(3.87%),P:1e-17	Tpos:2120.9,Tstd:2857.4,Bpos:2749.2,Bstd:2333.8,StrandBias:0.2,Multiplicity:1.70
0.001	0.001	0.817	0.181
0.001	0.001	0.997	0.001
0.001	0.001	0.997	0.001
0.997	0.001	0.001	0.001
0.001	0.001	0.997	0.001
0.001	0.001	0.997	0.001
0.001	0.997	0.001	0.001
0.001	0.997	0.001	0.001
>GCCACCAC	12-GCCACCAC	8.388117	-39.866889	0	T:49.0(49.49%),B:35.3(9.05%),P:1e-17	Tpos:2310.2,Tstd:2540.6,Bpos:2814.8,Bstd:1982.3,StrandBias:0.0,Multiplicity:1.93
0.001	0.140	0.858	0.001
0.001	0.844	0.154	0.001
0.001	0.997	0.001	0.001
0.997	0.001	0.001	0.001
0.001	0.997	0.001	0.001
0.001	0.997	0.001	0.001
0.997	0.001	0.001	0.001
0.001	0.758	0.094	0.147
>ATTACAGG	13-ATTACAGG	9.737516	-38.619467	0	T:42.0(42.42%),B:24.0(6.15%),P:1e-16	Tpos:1785.9,Tstd:2012.3,Bpos:2503.4,Bstd:2433.1,StrandBias:-0.7,Multiplicity:2.76
0.997	0.001	0.001	0.001
0.001	0.264	0.001	0.734
0.001	0.001	0.001	0.997
0.997	0.001	0.001	0.001
0.001	0.997	0.001	0.001
0.997	0.001	0.001	0.001
0.001	0.001	0.997	0.001
0.001	0.001	0.997	0.001
>TTTTTTTT	14-TTTTTTTT	7.417983	-37.780452	0	T:67.0(67.68%),B:86.0(22.06%),P:1e-16	Tpos:2199.4,Tstd:2821.9,Bpos:1725.7,Bstd:2028.2,StrandBias:-0.1,Multiplicity:3.52
0.014	0.050	0.014	0.922
0.001	0.128	0.022	0.849
0.066	0.090	0.038	0.806
0.087	0.240	0.240	0.433
0.152	0.146	0.096	0.606
0.066	0.027	0.030	0.877
0.001	0.091	0.043	0.865
0.056	0.088	0.016	0.840
>AGGAGAAT	15-AGGAGAAT	9.841740	-36.903554	0	T:42.0(42.42%),B:25.8(6.60%),P:1e-16	Tpos:1492.1,Tstd:1763.5,Bpos:1764.4,Bstd:1632.3,StrandBias:0.0,Multiplicity:1.71
0.997	0.001	0.001	0.001
0.001	0.001	0.997	0.001
0.001	0.001	0.997	0.001
0.997	0.001	0.001	0.001
0.001	0.001	0.997	0.001
0.705	0.001	0.293	0.001
0.997	0.001	0.001	0.001
0.001	0.001	0.001	0.997
>MCAGGGTG	16-MCAGGGTG	7.153662	-34.251637	0	T:53.0(53.54%),B:53.9(13.83%),P:1e-14	Tpos:2438.2,Tstd:2908.5,Bpos:1988.7,Bstd:2154.3,StrandBias:0.1,Multiplicity:2.23
0.534	0.439	0.026	0.001
0.048	0.950	0.001	0.001
0.824	0.106	0.001	0.069
0.001	0.001	0.683	0.315
0.295	0.001	0.629	0.075
0.152	0.001	0.659	0.188
0.108	0.001	0.096	0.795
0.131	0.173	0.547	0.149
>CTCCAGGA	17-CTCCAGGA	7.726459	-33.463757	0	T:54.0(54.55%),B:57.2(14.66%),P:1e-14	Tpos:2203.7,Tstd:2674.1,Bpos:2493.6,Bstd:2460.0,StrandBias:0.4,Multiplicity:2.23
0.001	0.877	0.121	0.001
0.001	0.001	0.001	0.997
0.001	0.997	0.001	0.001
0.001	0.925	0.001	0.073
0.911	0.001	0.001	0.087
0.001	0.001	0.907	0.091
0.121	0.102	0.776	0.001
0.667	0.001	0.238	0.094
>CAGCTCTG	18-CAGCTCTG	7.489740	-30.382325	0	T:54.0(54.55%),B:64.0(16.40%),P:1e-13	Tpos:2297.1,Tstd:2920.5,Bpos:2584.6,Bstd:2760.8,StrandBias:-0.1,Multiplicity:2.64
0.040	0.879	0.060	0.021
0.855	0.001	0.001	0.143
0.001	0.066	0.932	0.001
0.010	0.868	0.018	0.104
0.072	0.108	0.001	0.819
0.005	0.914	0.041	0.040
0.031	0.001	0.001	0.967
0.018	0.001	0.909	0.072
>TTTTWGTA	19-TTTTWGTA	10.487717	-29.993628	0	T:34.0(34.34%),B:19.3(4.96%),P:1e-13	Tpos:2273.7,Tstd:2578.1,Bpos:1803.2,Bstd:1817.6,StrandBias:-0.8,Multiplicity:1.97
0.001	0.001	0.001	0.997
0.001	0.001	0.001	0.997
0.001	0.001	0.001	0.997
0.001	0.001	0.001	0.997
0.439	0.001	0.001	0.559
0.001	0.001	0.997	0.001
0.001	0.001	0.001	0.997
0.997	0.001	0.001	0.001
>CCCCRTCT	20-CCCCRTCT	6.653511	-29.064703	0	T:50.0(50.51%),B:55.1(14.14%),P:1e-12	Tpos:2515.3,Tstd:2763.6,Bpos:2093.3,Bstd:2649.9,StrandBias:0.8,Multiplicity:2.19
0.001	0.997	0.001	0.001
0.001	0.997	0.001	0.001
0.001	0.711	0.001	0.287
0.001	0.967	0.001	0.031
0.453	0.001	0.545	0.001
0.001	0.001	0.001	0.997
0.001	0.997	0.001	0.001
0.001	0.001	0.001	0.997
>MTCCATCY	21-MTCCATCY	9.655779	-26.770508	0	T:38.0(38.38%),B:31.1(7.97%),P:1e-11	Tpos:1625.9,Tstd:2503.5,Bpos:1994.6,Bstd:2252.1,StrandBias:-0.6,Multiplicity:2.78
0.448	0.550	0.001	0.001
0.001	0.001	0.001	0.997
0.001	0.997	0.001	0.001
0.001	0.997	0.001	0.001
0.997	0.001	0.001	0.001
0.001	0.001	0.001	0.997
0.001	0.997	0.001	0.001
0.001	0.557	0.001	0.441
>BCCTTCCY	22-BCCTTCCY	4.826811	-26.151525	0	T:68.0(68.69%),B:118.4(30.36%),P:1e-11	Tpos:2947.2,Tstd:3369.2,Bpos:1963.1,Bstd:2286.4,StrandBias:0.6,Multiplicity:4.66
0.147	0.353	0.265	0.235
0.077	0.549	0.128	0.246
0.101	0.668	0.059	0.172
0.174	0.270	0.068	0.488
0.073	0.218	0.245	0.464
0.054	0.646	0.151	0.149
0.130	0.603	0.068	0.199
0.193	0.355	0.105	0.347
>TTTAGTAG	23-TTTAGTAG	8.236954	-24.210977	0	T:25.0(25.25%),B:11.3(2.89%),P:1e-10	Tpos:2307.0,Tstd:2739.9,Bpos:2050.8,Bstd:1085.9,StrandBias:-1.0,Multiplicity:2.00
0.100	0.100	0.100	0.700
0.100	0.100	0.100	0.700
0.100	0.100	0.100	0.700
0.700	0.100	0.100	0.100
0.100	0.100	0.700	0.100
0.100	0.100	0.100	0.700
0.700	0.100	0.100	0.100
0.100	0.100	0.700	0.100
>GTGTGTGT	24-GTGTGTGT	10.919662	-21.877709	0	T:22.0(22.22%),B:9.1(2.34%),P:1e-9	Tpos:4375.9,Tstd:4512.1,Bpos:2243.7,Bstd:1654.8,StrandBias:-0.3,Multiplicity:1.86
0.137	0.001	0.861	0.001
0.001	0.001	0.001	0.997
0.001	0.001	0.997	0.001
0.001	0.001	0.001	0.997
0.001	0.001	0.997	0.001
0.001	0.001	0.001	0.997
0.001	0.001	0.997	0.001
0.001	0.001	0.001	0.997
>ATATATAT	25-ATATATAT	7.238422	-7.187717	0	T:23.0(23.23%),B:39.4(10.11%),P:1e-3	Tpos:2951.4,Tstd:2959.3,Bpos:1911.3,Bstd:1747.4,StrandBias:-0.2,Multiplicity:2.57
0.997	0.001	0.001	0.001
0.001	0.001	0.001	0.997
0.873	0.001	0.125	0.001
0.001	0.001	0.001	0.997
0.997	0.001	0.001	0.001
0.001	0.001	0.001	0.997
0.825	0.001	0.173	0.001
0.001	0.001	0.001	0.997
