>GCCTCAGCCTCC	1-GCCTCAGCCTCC	6.871997	-88.693782	0	T:54.0(54.55%),B:4.7(1.21%),P:1e-38	Tpos:1846.0,Tstd:2116.0,Bpos:2569.7,Bstd:1684.0,StrandBias:-0.2,Multiplicity:3.89
0.337	0.038	0.624	0.001
0.001	0.948	0.001	0.050
0.001	0.986	0.001	0.012
0.001	0.001	0.001	0.997
0.001	0.997	0.001	0.001
0.690	0.103	0.117	0.090
0.063	0.001	0.935	0.001
0.001	0.986	0.001	0.012
0.001	0.973	0.001	0.025
0.001	0.001	0.001	0.997
0.001	0.997	0.001	0.001
0.001	0.948	0.001	0.050
>TGGGATTACAGG	2-TGGGATTACAGG	9.265495	-73.842597	0	T:43.0(43.43%),B:1.8(0.45%),P:1e-32	Tpos:1585.1,Tstd:1605.3,Bpos:2515.1,Bstd:1160.3,StrandBias:-0.4,Multiplicity:3.07
0.001	0.001	0.001	0.997
0.014	0.001	0.984	0.001
0.001	0.001	0.997	0.001
0.001	0.014	0.984	0.001
0.997	0.001	0.001	0.001
0.001	0.202	0.001	0.796
0.001	0.014	0.001	0.984
0.969	0.001	0.029	0.001
0.001	0.907	0.001	0.091
0.984	0.001	0.014	0.001
0.015	0.001	0.969	0.015
0.001	0.014	0.984	0.001
>GRGYGYRGTGGC	3-GRGYGYRGTGGC	9.333348	-71.747504	0	T:49.0(49.49%),B:7.7(1.98%),P:1e-31	Tpos:1765.5,Tstd:2189.0,Bpos:2153.3,Bstd:1519.2,StrandBias:0.4,Multiplicity:2.98
0.146	0.045	0.808	0.001
0.436	0.001	0.562	0.001
0.001	0.001	0.997	0.001
0.002	0.510	0.001	0.487
0.370	0.001	0.536	0.093
0.002	0.535	0.001	0.462
0.485	0.001	0.512	0.002
0.184	0.001	0.814	0.001
0.001	0.045	0.048	0.906
0.001	0.001	0.997	0.001
0.045	0.001	0.909	0.045
0.001	0.942	0.001	0.056
>CAGCCTGGGCRA	4-CAGCCTGGGCRA	9.296502	-71.728013	0	T:47.0(47.47%),B:5.6(1.45%),P:1e-31	Tpos:1839.2,Tstd:2246.6,Bpos:2476.4,Bstd:1505.1,StrandBias:0.4,Multiplicity:2.87
0.001	0.956	0.001	0.042
0.957	0.001	0.001	0.041
0.001	0.042	0.915	0.042
0.001	0.915	0.042	0.042
0.001	0.956	0.001	0.042
0.042	0.001	0.042	0.915
0.041	0.001	0.957	0.001
0.170	0.042	0.787	0.001
0.001	0.262	0.736	0.001
0.084	0.618	0.042	0.256
0.530	0.084	0.385	0.001
0.789	0.084	0.126	0.001
>ADCTCCTGAGCT	5-ADCTCCTGAGCT	9.670788	-71.728013	0	T:47.0(47.47%),B:5.4(1.38%),P:1e-31	Tpos:1670.8,Tstd:2095.5,Bpos:2720.9,Bstd:1794.5,StrandBias:-0.2,Multiplicity:1.83
0.730	0.268	0.001	0.001
0.353	0.001	0.377	0.269
0.001	0.997	0.001	0.001
0.269	0.269	0.001	0.461
0.009	0.989	0.001	0.001
0.001	0.997	0.001	0.001
0.051	0.001	0.001	0.947
0.001	0.051	0.947	0.001
0.601	0.001	0.397	0.001
0.062	0.064	0.873	0.001
0.001	0.997	0.001	0.001
0.001	0.278	0.001	0.720
>TTTTTTTTTTTT	6-TTTTTTTTTTTT	12.049932	-60.982198	0	T:38.0(38.38%),B:2.5(0.64%),P:1e-26	Tpos:1743.9,Tstd:2108.4,Bpos:212.1,Bstd:104.1,StrandBias:-0.7,Multiplicity:2.05
0.029	0.085	0.035	0.851
0.030	0.065	0.041	0.864
0.053	0.029	0.029	0.889
0.006	0.012	0.041	0.941
0.053	0.029	0.054	0.864
0.059	0.035	0.059	0.847
0.253	0.059	0.131	0.557
0.047	0.030	0.029	0.894
0.072	0.018	0.023	0.887
0.018	0.012	0.018	0.952
0.041	0.012	0.024	0.923
0.035	0.012	0.115	0.838
>ATCACRGCTCAC	7-ATCACRGCTCAC	11.470692	-59.937804	0	T:36.0(36.36%),B:1.6(0.40%),P:1e-26	Tpos:1657.5,Tstd:2139.2,Bpos:3074.2,Bstd:1851.4,StrandBias:-0.5,Multiplicity:1.58
0.997	0.001	0.001	0.001
0.001	0.320	0.001	0.678
0.001	0.947	0.051	0.001
0.559	0.269	0.001	0.171
0.001	0.724	0.001	0.274
0.541	0.001	0.457	0.001
0.001	0.001	0.997	0.001
0.001	0.997	0.001	0.001
0.001	0.001	0.001	0.997
0.001	0.997	0.001	0.001
0.708	0.290	0.001	0.001
0.001	0.678	0.001	0.320
>CAGAAAMAGAAA	8-CAGAAAMAGAAA	7.132893	-58.850779	0	T:55.0(55.56%),B:25.1(6.44%),P:1e-25	Tpos:1983.9,Tstd:2761.3,Bpos:2158.9,Bstd:1687.3,StrandBias:0.1,Multiplicity:1.47
0.244	0.430	0.184	0.142
0.681	0.049	0.089	0.181
0.203	0.134	0.550	0.113
0.634	0.147	0.156	0.063
0.518	0.138	0.220	0.124
0.648	0.149	0.155	0.048
0.285	0.417	0.158	0.140
0.619	0.096	0.130	0.155
0.182	0.170	0.523	0.125
0.600	0.127	0.148	0.125
0.691	0.090	0.153	0.066
0.493	0.132	0.276	0.099
>ATGGTGAAACCC	9-ATGGTGAAACCC	7.849711	-56.159318	0	T:39.0(39.39%),B:5.8(1.48%),P:1e-24	Tpos:1665.7,Tstd:2184.8,Bpos:2255.8,Bstd:1226.6,StrandBias:0.3,Multiplicity:1.64
0.628	0.163	0.079	0.130
0.195	0.070	0.261	0.475
0.283	0.093	0.480	0.144
0.172	0.196	0.475	0.158
0.242	0.009	0.144	0.605
0.079	0.121	0.799	0.001
0.697	0.130	0.172	0.001
0.554	0.070	0.288	0.088
0.530	0.195	0.191	0.084
0.001	0.655	0.209	0.135
0.134	0.554	0.001	0.311
0.172	0.498	0.028	0.302
>CCTGYYTCCCWV	10-CCTGYYTCCCWV	6.515001	-55.472158	0	T:79.0(79.80%),B:92.8(23.80%),P:1e-24	Tpos:2953.4,Tstd:3485.8,Bpos:2021.2,Bstd:2293.5,StrandBias:-0.2,Multiplicity:3.18
0.046	0.461	0.224	0.270
0.069	0.817	0.041	0.073
0.375	0.023	0.009	0.593
0.041	0.228	0.653	0.078
0.046	0.356	0.224	0.375
0.182	0.357	0.082	0.379
0.059	0.228	0.087	0.626
0.005	0.507	0.164	0.324
0.041	0.553	0.032	0.374
0.219	0.703	0.046	0.032
0.411	0.228	0.037	0.324
0.274	0.237	0.333	0.155
>AAAAAAAAAAAA	11-AAAAAAAAAAAA	8.957220	-54.964036	0	T:59.0(59.60%),B:37.3(9.56%),P:1e-23	Tpos:1824.8,Tstd:2202.1,Bpos:997.5,Bstd:1588.4,StrandBias:0.1,Multiplicity:2.78
0.875	0.021	0.010	0.094
0.927	0.001	0.041	0.031
0.864	0.073	0.021	0.042
0.831	0.010	0.042	0.117
0.621	0.147	0.094	0.138
0.714	0.064	0.063	0.159
0.820	0.044	0.021	0.115
0.684	0.096	0.073	0.147
0.885	0.021	0.042	0.052
0.757	0.127	0.042	0.074
0.906	0.021	0.021	0.052
0.822	0.001	0.031	0.146
>TTCTTRACCTTC	12-TTCTTRACCTTC	8.825534	-54.944187	0	T:48.0(48.48%),B:17.5(4.50%),P:1e-23	Tpos:1612.8,Tstd:2567.9,Bpos:3523.7,Bstd:2073.7,StrandBias:-0.3,Multiplicity:1.45
0.008	0.001	0.368	0.623
0.113	0.058	0.001	0.828
0.001	0.990	0.008	0.001
0.056	0.169	0.001	0.774
0.056	0.294	0.001	0.649
0.462	0.056	0.480	0.001
0.935	0.056	0.001	0.008
0.179	0.417	0.169	0.235
0.001	0.632	0.001	0.366
0.001	0.113	0.065	0.821
0.169	0.311	0.001	0.519
0.056	0.775	0.056	0.113
>CAGAGTGAGRCT	13-CAGAGTGAGRCT	7.894646	-50.078608	0	T:41.0(41.41%),B:11.9(3.04%),P:1e-21	Tpos:2242.1,Tstd:2573.1,Bpos:2005.0,Bstd:1652.6,StrandBias:0.5,Multiplicity:1.76
0.104	0.611	0.057	0.228
0.782	0.009	0.038	0.171
0.143	0.267	0.571	0.019
0.762	0.038	0.162	0.038
0.276	0.181	0.505	0.038
0.038	0.295	0.153	0.514
0.257	0.191	0.542	0.010
0.610	0.029	0.266	0.095
0.057	0.047	0.677	0.219
0.458	0.019	0.362	0.161
0.238	0.494	0.248	0.019
0.076	0.277	0.048	0.599
>TTCAMGCCATTC	14-TTCAMGCCATTC	6.886011	-48.924647	0	T:37.0(37.37%),B:7.2(1.85%),P:1e-21	Tpos:1918.5,Tstd:2419.2,Bpos:3957.8,Bstd:2555.3,StrandBias:-0.5,Multiplicity:1.62
0.001	0.004	0.001	0.994
0.001	0.001	0.001	0.997
0.001	0.994	0.004	0.001
0.997	0.001	0.001	0.001
0.352	0.390	0.129	0.129
0.001	0.001	0.997	0.001
0.001	0.719	0.001	0.279
0.151	0.648	0.200	0.001
0.997	0.001	0.001	0.001
0.001	0.001	0.001	0.997
0.001	0.001	0.001	0.997
0.001	0.870	0.001	0.128
>CYNCCYCYKCCY	15-CYNCCYCYKCCY	7.121614	-45.930779	0	T:59.0(59.60%),B:49.4(12.66%),P:1e-19	Tpos:2918.9,Tstd:3430.4,Bpos:2365.4,Bstd:2480.3,StrandBias:0.1,Multiplicity:3.00
0.025	0.671	0.158	0.146
0.158	0.456	0.025	0.361
0.209	0.234	0.215	0.342
0.025	0.811	0.120	0.044
0.032	0.601	0.019	0.348
0.051	0.418	0.190	0.342
0.044	0.703	0.215	0.038
0.146	0.430	0.082	0.342
0.038	0.070	0.405	0.487
0.050	0.849	0.063	0.038
0.051	0.740	0.013	0.196
0.177	0.361	0.208	0.253
>CAGGTAATCCAC	16-CAGGTAATCCAC	9.818482	-45.519760	0	T:31.0(31.31%),B:3.1(0.80%),P:1e-19	Tpos:1374.2,Tstd:1382.5,Bpos:2840.3,Bstd:1318.2,StrandBias:0.5,Multiplicity:1.54
0.001	0.890	0.001	0.108
0.944	0.001	0.001	0.054
0.288	0.001	0.657	0.054
0.001	0.001	0.997	0.001
0.001	0.054	0.001	0.944
0.581	0.001	0.364	0.054
0.944	0.001	0.054	0.001
0.001	0.001	0.001	0.997
0.001	0.944	0.001	0.054
0.001	0.917	0.001	0.081
0.584	0.001	0.129	0.286
0.007	0.991	0.001	0.001
>CCAGGSCCWGRG	17-CCAGGSCCWGRG	7.246872	-44.514434	0	T:40.0(40.40%),B:14.3(3.67%),P:1e-19	Tpos:2951.0,Tstd:3077.3,Bpos:3061.8,Bstd:1904.9,StrandBias:0.7,Multiplicity:2.25
0.085	0.500	0.233	0.182
0.289	0.705	0.001	0.005
0.529	0.097	0.045	0.329
0.227	0.001	0.681	0.091
0.142	0.045	0.660	0.153
0.001	0.500	0.426	0.073
0.244	0.528	0.001	0.227
0.125	0.529	0.176	0.170
0.318	0.074	0.170	0.438
0.005	0.289	0.705	0.001
0.420	0.023	0.296	0.261
0.176	0.176	0.557	0.091
>GGAGGCAAAGGT	18-GGAGGCAAAGGT	7.142887	-36.265753	0	T:60.0(60.61%),B:68.6(17.59%),P:1e-15	Tpos:2395.5,Tstd:2677.6,Bpos:1957.1,Bstd:2174.4,StrandBias:0.3,Multiplicity:2.00
0.059	0.059	0.744	0.138
0.138	0.081	0.742	0.039
0.743	0.039	0.099	0.119
0.180	0.001	0.760	0.059
0.099	0.118	0.781	0.002
0.160	0.682	0.059	0.099
0.842	0.080	0.039	0.039
0.736	0.163	0.059	0.042
0.881	0.020	0.079	0.020
0.158	0.020	0.704	0.118
0.039	0.118	0.744	0.099
0.062	0.140	0.140	0.658
>TYCYTYCYTYCY	19-TYCYTYCYTYCY	9.182848	-26.701691	0	T:22.0(22.22%),B:5.6(1.45%),P:1e-11	Tpos:1075.4,Tstd:1216.4,Bpos:2241.6,Bstd:1896.3,StrandBias:2.5,Multiplicity:1.59
0.206	0.142	0.057	0.595
0.001	0.433	0.106	0.460
0.001	0.858	0.001	0.140
0.063	0.496	0.001	0.440
0.247	0.269	0.007	0.477
0.014	0.419	0.092	0.474
0.001	0.696	0.056	0.247
0.042	0.545	0.001	0.412
0.184	0.227	0.021	0.568
0.014	0.511	0.001	0.474
0.007	0.872	0.001	0.120
0.014	0.496	0.001	0.490
>GTGTGTGTGTGT	20-GTGTGTGTGTGT	8.106683	-26.638277	0	T:28.0(28.28%),B:14.0(3.58%),P:1e-11	Tpos:5013.0,Tstd:4359.1,Bpos:1919.4,Bstd:2106.9,StrandBias:-0.4,Multiplicity:2.75
0.143	0.106	0.608	0.143
0.071	0.089	0.127	0.713
0.145	0.071	0.677	0.107
0.001	0.088	0.160	0.751
0.089	0.089	0.699	0.123
0.001	0.054	0.158	0.787
0.142	0.001	0.840	0.017
0.001	0.001	0.124	0.874
0.106	0.088	0.735	0.071
0.090	0.001	0.124	0.785
0.141	0.089	0.769	0.001
0.124	0.019	0.143	0.714
>CCTCCTCCAGGA	21-CCTCCTCCAGGA	7.728306	-24.633179	0	T:40.0(40.40%),B:39.2(10.06%),P:1e-10	Tpos:2707.3,Tstd:3058.6,Bpos:2393.9,Bstd:2414.1,StrandBias:1.0,Multiplicity:1.71
0.077	0.660	0.093	0.170
0.108	0.722	0.031	0.139
0.095	0.046	0.062	0.797
0.079	0.780	0.077	0.064
0.062	0.814	0.031	0.093
0.077	0.128	0.031	0.764
0.062	0.828	0.033	0.077
0.046	0.799	0.062	0.093
0.720	0.079	0.077	0.124
0.062	0.031	0.752	0.155
0.110	0.108	0.736	0.046
0.640	0.126	0.124	0.110
>GTAATTTTTAAA	22-GTAATTTTTAAA	7.974497	-23.560448	0	T:40.0(40.40%),B:41.1(10.53%),P:1e-10	Tpos:2754.6,Tstd:3632.1,Bpos:2130.1,Bstd:2197.9,StrandBias:0.5,Multiplicity:1.59
0.120	0.099	0.624	0.157
0.155	0.039	0.058	0.748
0.800	0.021	0.118	0.061
0.633	0.058	0.058	0.251
0.099	0.058	0.135	0.708
0.019	0.058	0.019	0.904
0.077	0.097	0.155	0.671
0.039	0.041	0.097	0.823
0.116	0.097	0.116	0.671
0.765	0.020	0.058	0.157
0.825	0.039	0.039	0.097
0.842	0.021	0.116	0.021
>GSAAGGCCCCAG	23-GSAAGGCCCCAG	8.291273	-21.500227	0	T:25.0(25.25%),B:15.0(3.84%),P:1e-9	Tpos:2179.4,Tstd:2452.5,Bpos:3383.7,Bstd:2033.7,StrandBias:0.2,Multiplicity:1.64
0.261	0.104	0.583	0.052
0.106	0.499	0.394	0.001
0.526	0.235	0.238	0.001
0.842	0.001	0.106	0.051
0.374	0.001	0.546	0.079
0.294	0.235	0.470	0.001
0.001	0.896	0.102	0.001
0.290	0.522	0.001	0.187
0.340	0.658	0.001	0.001
0.261	0.631	0.001	0.107
0.761	0.077	0.161	0.001
0.079	0.001	0.603	0.317
>ATATATWTATTT	24-ATATATWTATTT	9.479634	-20.146941	0	T:24.0(24.24%),B:14.5(3.71%),P:1e-8	Tpos:1612.4,Tstd:1274.1,Bpos:1718.9,Bstd:1165.6,StrandBias:0.0,Multiplicity:1.32
0.936	0.001	0.001	0.062
0.001	0.126	0.001	0.872
0.614	0.001	0.001	0.384
0.064	0.001	0.001	0.934
0.936	0.001	0.001	0.062
0.001	0.126	0.001	0.872
0.362	0.126	0.001	0.511
0.001	0.064	0.001	0.934
0.808	0.002	0.063	0.127
0.062	0.001	0.001	0.936
0.033	0.065	0.065	0.837
0.001	0.001	0.001	0.997
>GGATGGATGGAD	25-GGATGGATGGAD	5.643452	-13.788408	0	T:63.0(63.64%),B:142.3(36.49%),P:1e-5	Tpos:2601.4,Tstd:3335.4,Bpos:1840.7,Bstd:2120.4,StrandBias:0.1,Multiplicity:3.48
0.235	0.099	0.428	0.237
0.159	0.177	0.556	0.108
0.589	0.149	0.149	0.113
0.181	0.070	0.192	0.557
0.144	0.041	0.699	0.116
0.121	0.151	0.637	0.091
0.610	0.149	0.138	0.103
0.182	0.060	0.158	0.600
0.128	0.038	0.673	0.161
0.116	0.108	0.675	0.101
0.602	0.123	0.166	0.109
0.227	0.129	0.269	0.375
