>CTCAGCCTCC	1-CTCAGCCTCC	7.070752	-86.454748	0	T:61.0(61.62%),B:13.7(3.52%),P:1e-37	Tpos:2011.8,Tstd:2418.3,Bpos:3567.5,Bstd:2233.9,StrandBias:-0.3,Multiplicity:3.33
0.001	0.978	0.001	0.020
0.009	0.001	0.001	0.989
0.010	0.979	0.010	0.001
0.712	0.074	0.140	0.074
0.010	0.001	0.979	0.010
0.001	0.989	0.001	0.009
0.010	0.958	0.001	0.031
0.001	0.001	0.001	0.997
0.001	0.968	0.030	0.001
0.010	0.926	0.001	0.063
>CWCTGCCACC	2-CWCTGCCACC	6.891601	-79.488607	0	T:67.0(67.68%),B:28.3(7.26%),P:1e-34	Tpos:2119.6,Tstd:2368.7,Bpos:2685.8,Bstd:2341.4,StrandBias:0.5,Multiplicity:2.00
0.167	0.613	0.069	0.151
0.384	0.232	0.098	0.286
0.096	0.733	0.060	0.111
0.232	0.072	0.055	0.641
0.038	0.147	0.658	0.157
0.004	0.678	0.097	0.221
0.152	0.716	0.069	0.063
0.447	0.215	0.096	0.242
0.116	0.570	0.247	0.067
0.080	0.796	0.044	0.080
>VCCAGGCTGG	3-VCCAGGCTGG	9.964248	-76.983115	0	T:46.0(46.46%),B:2.9(0.73%),P:1e-33	Tpos:2001.0,Tstd:2668.1,Bpos:4775.3,Bstd:3381.6,StrandBias:-0.3,Multiplicity:2.57
0.250	0.251	0.354	0.146
0.001	0.721	0.001	0.277
0.001	0.997	0.001	0.001
0.997	0.001	0.001	0.001
0.001	0.001	0.997	0.001
0.001	0.395	0.570	0.034
0.243	0.755	0.001	0.001
0.001	0.001	0.001	0.997
0.001	0.001	0.997	0.001
0.383	0.034	0.582	0.001
>AGCTGGGATT	4-AGCTGGGATT	9.285223	-75.819971	0	T:51.0(51.52%),B:7.3(1.87%),P:1e-32	Tpos:1755.4,Tstd:2099.8,Bpos:3049.8,Bstd:2745.2,StrandBias:-0.2,Multiplicity:2.78
0.710	0.001	0.083	0.206
0.028	0.001	0.969	0.002
0.142	0.770	0.086	0.002
0.001	0.001	0.001	0.997
0.057	0.001	0.941	0.001
0.254	0.001	0.717	0.028
0.087	0.055	0.857	0.001
0.579	0.139	0.281	0.001
0.167	0.112	0.169	0.552
0.141	0.312	0.028	0.519
>CTSACTGCAR	5-CTSACTGCAR	7.091807	-67.791086	0	T:52.0(52.53%),B:13.3(3.40%),P:1e-29	Tpos:1811.6,Tstd:2201.1,Bpos:1990.1,Bstd:1533.6,StrandBias:-0.2,Multiplicity:1.92
0.254	0.480	0.075	0.191
0.314	0.034	0.027	0.625
0.048	0.438	0.364	0.150
0.451	0.226	0.290	0.034
0.048	0.840	0.057	0.055
0.102	0.034	0.020	0.844
0.048	0.014	0.573	0.365
0.144	0.562	0.090	0.204
0.646	0.061	0.027	0.266
0.385	0.171	0.383	0.061
>AGTGCAGTGG	6-AGTGCAGTGG	9.493681	-65.787875	0	T:46.0(46.46%),B:7.1(1.82%),P:1e-28	Tpos:1486.4,Tstd:1940.0,Bpos:2773.9,Bstd:2160.9,StrandBias:0.0,Multiplicity:1.85
0.886	0.001	0.112	0.001
0.001	0.001	0.997	0.001
0.044	0.022	0.001	0.933
0.022	0.001	0.955	0.022
0.022	0.955	0.022	0.001
0.964	0.001	0.013	0.022
0.113	0.044	0.842	0.001
0.001	0.022	0.022	0.955
0.001	0.001	0.997	0.001
0.022	0.001	0.955	0.022
>AGGCATGWGC	7-AGGCATGWGC	8.558787	-64.932168	0	T:49.0(49.49%),B:11.4(2.91%),P:1e-28	Tpos:1916.8,Tstd:2340.2,Bpos:5313.1,Bstd:2618.2,StrandBias:0.0,Multiplicity:1.62
0.884	0.001	0.001	0.114
0.001	0.001	0.997	0.001
0.001	0.001	0.997	0.001
0.001	0.946	0.052	0.001
0.946	0.001	0.052	0.001
0.053	0.001	0.158	0.788
0.001	0.158	0.788	0.053
0.485	0.001	0.001	0.513
0.001	0.001	0.997	0.001
0.105	0.893	0.001	0.001
>CTCCTGSCCT	8-CTCCTGSCCT	7.232284	-60.511470	0	T:66.0(66.67%),B:46.6(11.94%),P:1e-26	Tpos:2289.3,Tstd:2939.5,Bpos:2143.8,Bstd:2318.4,StrandBias:0.0,Multiplicity:3.34
0.048	0.551	0.064	0.337
0.133	0.220	0.057	0.590
0.004	0.833	0.079	0.084
0.061	0.930	0.001	0.008
0.304	0.057	0.031	0.608
0.053	0.043	0.562	0.342
0.096	0.351	0.460	0.093
0.088	0.673	0.123	0.116
0.061	0.666	0.004	0.269
0.096	0.267	0.035	0.602
>CCAGGCCCAG	9-CCAGGCCCAG	7.463581	-55.924656	0	T:60.0(60.61%),B:38.3(9.81%),P:1e-24	Tpos:2522.4,Tstd:2814.6,Bpos:2849.9,Bstd:2053.5,StrandBias:0.4,Multiplicity:2.43
0.001	0.813	0.093	0.093
0.001	0.906	0.001	0.092
0.804	0.001	0.194	0.001
0.001	0.016	0.609	0.374
0.008	0.001	0.789	0.202
0.287	0.711	0.001	0.001
0.189	0.616	0.001	0.194
0.001	0.812	0.094	0.093
0.587	0.001	0.001	0.411
0.001	0.210	0.788	0.001
>TGGAGGATGG	10-TGGAGGATGG	8.398697	-53.777336	0	T:46.0(46.46%),B:15.3(3.92%),P:1e-23	Tpos:2082.9,Tstd:2895.8,Bpos:3482.7,Bstd:1924.0,StrandBias:-0.1,Multiplicity:1.42
0.305	0.020	0.102	0.573
0.040	0.052	0.888	0.020
0.032	0.054	0.833	0.081
0.855	0.001	0.061	0.083
0.042	0.021	0.876	0.061
0.113	0.061	0.784	0.042
0.846	0.052	0.021	0.081
0.114	0.020	0.121	0.745
0.040	0.020	0.838	0.102
0.060	0.061	0.778	0.101
>AAAAAGAAAA	11-AAAAAGAAAA	9.955732	-52.984437	0	T:41.0(41.41%),B:9.5(2.44%),P:1e-23	Tpos:2142.9,Tstd:2537.8,Bpos:1492.8,Bstd:824.6,StrandBias:0.1,Multiplicity:1.56
0.997	0.001	0.001	0.001
0.912	0.001	0.001	0.086
0.897	0.001	0.051	0.051
0.953	0.019	0.001	0.027
0.825	0.001	0.087	0.087
0.001	0.001	0.708	0.290
0.687	0.051	0.261	0.001
0.912	0.001	0.086	0.001
0.825	0.173	0.001	0.001
0.997	0.001	0.001	0.001
>TTTTTTTTTK	12-TTTTTTTTTK	8.094083	-51.905665	0	T:50.0(50.51%),B:23.8(6.11%),P:1e-22	Tpos:1804.6,Tstd:2217.7,Bpos:1051.6,Bstd:1630.6,StrandBias:-0.6,Multiplicity:3.00
0.016	0.317	0.032	0.635
0.040	0.293	0.008	0.659
0.001	0.136	0.040	0.823
0.032	0.032	0.143	0.793
0.040	0.048	0.190	0.722
0.024	0.262	0.064	0.650
0.143	0.119	0.032	0.706
0.040	0.087	0.292	0.581
0.165	0.032	0.136	0.667
0.032	0.032	0.497	0.439
>TACAAAAAAT	13-TACAAAAAAT	11.855200	-49.631847	0	T:32.0(32.32%),B:2.6(0.67%),P:1e-21	Tpos:2117.5,Tstd:2430.4,Bpos:2825.6,Bstd:1683.5,StrandBias:0.9,Multiplicity:2.58
0.010	0.001	0.017	0.972
0.982	0.001	0.016	0.001
0.016	0.982	0.001	0.001
0.620	0.017	0.001	0.362
0.979	0.010	0.010	0.001
0.997	0.001	0.001	0.001
0.982	0.001	0.016	0.001
0.989	0.009	0.001	0.001
0.715	0.017	0.001	0.267
0.069	0.017	0.001	0.913
>GTGATCCACC	14-GTGATCCACC	9.142615	-47.082453	0	T:33.0(33.33%),B:4.3(1.09%),P:1e-20	Tpos:1421.1,Tstd:1539.6,Bpos:2348.1,Bstd:1713.8,StrandBias:-0.5,Multiplicity:1.78
0.073	0.127	0.745	0.055
0.055	0.036	0.055	0.854
0.073	0.072	0.854	0.001
0.836	0.055	0.018	0.091
0.055	0.018	0.225	0.702
0.018	0.905	0.001	0.076
0.036	0.761	0.001	0.202
0.665	0.055	0.168	0.112
0.073	0.855	0.036	0.036
0.018	0.835	0.055	0.092
>TCTCACTCTG	15-TCTCACTCTG	10.320980	-47.018559	0	T:35.0(35.35%),B:6.7(1.71%),P:1e-20	Tpos:2077.4,Tstd:2817.3,Bpos:2303.4,Bstd:1574.9,StrandBias:-0.5,Multiplicity:1.60
0.001	0.084	0.001	0.914
0.085	0.829	0.085	0.001
0.001	0.084	0.001	0.914
0.001	0.997	0.001	0.001
0.804	0.001	0.110	0.085
0.001	0.914	0.084	0.001
0.001	0.001	0.001	0.997
0.085	0.822	0.092	0.001
0.085	0.001	0.085	0.829
0.084	0.001	0.914	0.001
>GGTGAAACCC	16-GGTGAAACCC	10.273408	-41.899672	0	T:33.0(33.33%),B:7.1(1.81%),P:1e-18	Tpos:1842.3,Tstd:2060.3,Bpos:2720.1,Bstd:2350.4,StrandBias:0.9,Multiplicity:1.55
0.001	0.001	0.997	0.001
0.001	0.001	0.997	0.001
0.001	0.037	0.001	0.961
0.076	0.001	0.922	0.001
0.997	0.001	0.001	0.001
0.923	0.038	0.038	0.001
0.961	0.001	0.037	0.001
0.037	0.961	0.001	0.001
0.001	0.961	0.001	0.037
0.001	0.997	0.001	0.001
>CAGGAGAATT	17-CAGGAGAATT	9.755410	-41.690246	0	T:31.0(31.31%),B:5.1(1.31%),P:1e-18	Tpos:1570.3,Tstd:1583.0,Bpos:2816.9,Bstd:1516.6,StrandBias:0.3,Multiplicity:1.55
0.129	0.869	0.001	0.001
0.869	0.001	0.129	0.001
0.001	0.001	0.930	0.068
0.258	0.001	0.740	0.001
0.997	0.001	0.001	0.001
0.001	0.001	0.997	0.001
0.611	0.001	0.259	0.129
0.997	0.001	0.001	0.001
0.001	0.001	0.001	0.997
0.001	0.279	0.003	0.717
>CTTGAACCCG	18-CTTGAACCCG	9.371912	-40.028396	0	T:31.0(31.31%),B:6.5(1.66%),P:1e-17	Tpos:2140.5,Tstd:2495.5,Bpos:3888.8,Bstd:2834.7,StrandBias:0.0,Multiplicity:1.66
0.001	0.830	0.001	0.168
0.001	0.056	0.002	0.941
0.112	0.001	0.001	0.886
0.056	0.001	0.887	0.056
0.886	0.001	0.112	0.001
0.662	0.056	0.226	0.056
0.056	0.887	0.001	0.056
0.113	0.830	0.001	0.056
0.113	0.652	0.001	0.234
0.190	0.113	0.582	0.115
>GCCAGGCCTG	19-GCCAGGCCTG	7.399391	-39.795939	0	T:47.0(47.47%),B:31.7(8.13%),P:1e-17	Tpos:2362.2,Tstd:2765.2,Bpos:2596.6,Bstd:2122.3,StrandBias:-0.5,Multiplicity:1.90
0.117	0.135	0.666	0.082
0.092	0.783	0.049	0.076
0.043	0.892	0.016	0.049
0.776	0.099	0.049	0.076
0.049	0.033	0.819	0.099
0.017	0.045	0.856	0.082
0.082	0.742	0.099	0.077
0.085	0.821	0.050	0.044
0.076	0.082	0.033	0.809
0.001	0.098	0.852	0.049
>AGAGACAGAG	20-AGAGACAGAG	7.465386	-37.584253	0	T:52.0(52.53%),B:45.4(11.63%),P:1e-16	Tpos:2720.7,Tstd:3064.1,Bpos:2171.1,Bstd:2409.1,StrandBias:0.8,Multiplicity:2.68
0.845	0.001	0.073	0.081
0.079	0.026	0.848	0.047
0.877	0.013	0.089	0.021
0.100	0.081	0.728	0.091
0.763	0.065	0.094	0.078
0.082	0.806	0.060	0.052
0.881	0.039	0.014	0.066
0.091	0.113	0.782	0.014
0.770	0.052	0.118	0.060
0.131	0.091	0.710	0.068
>CCCTCCCTGC	21-CCCTCCCTGC	7.930363	-33.359880	0	T:38.0(38.38%),B:22.0(5.64%),P:1e-14	Tpos:3506.8,Tstd:3751.9,Bpos:2175.3,Bstd:1847.3,StrandBias:0.4,Multiplicity:2.31
0.104	0.754	0.079	0.063
0.032	0.806	0.016	0.146
0.064	0.801	0.047	0.088
0.064	0.079	0.016	0.841
0.047	0.827	0.057	0.069
0.016	0.864	0.016	0.104
0.047	0.874	0.032	0.047
0.126	0.001	0.063	0.810
0.079	0.160	0.703	0.058
0.127	0.729	0.096	0.048
>AAGGAAGGAA	22-AAGGAAGGAA	8.792867	-29.020127	0	T:26.0(26.26%),B:8.5(2.17%),P:1e-12	Tpos:1254.2,Tstd:1180.1,Bpos:2218.7,Bstd:1507.5,StrandBias:-1.8,Multiplicity:1.29
0.935	0.025	0.015	0.025
0.974	0.001	0.001	0.024
0.001	0.001	0.984	0.014
0.265	0.001	0.733	0.001
0.997	0.001	0.001	0.001
0.997	0.001	0.001	0.001
0.001	0.001	0.997	0.001
0.394	0.024	0.581	0.001
0.997	0.001	0.001	0.001
0.997	0.001	0.001	0.001
>GTGTGTGTGT	23-GTGTGTGTGT	9.836819	-28.256718	0	T:21.0(21.21%),B:3.5(0.91%),P:1e-12	Tpos:4559.8,Tstd:4611.1,Bpos:1403.1,Bstd:1070.3,StrandBias:-0.4,Multiplicity:1.84
0.049	0.033	0.896	0.022
0.033	0.001	0.016	0.950
0.016	0.016	0.967	0.001
0.001	0.001	0.015	0.983
0.001	0.015	0.983	0.001
0.015	0.001	0.001	0.983
0.016	0.016	0.967	0.001
0.001	0.001	0.001	0.997
0.001	0.001	0.997	0.001
0.016	0.016	0.001	0.967
>ATAAATAYAT	24-ATAAATAYAT	8.727836	-18.669771	0	T:15.0(15.15%),B:3.4(0.86%),P:1e-8	Tpos:1921.2,Tstd:1766.7,Bpos:1206.9,Bstd:474.6,StrandBias:-0.2,Multiplicity:1.60
0.475	0.156	0.158	0.211
0.121	0.082	0.001	0.796
0.843	0.155	0.001	0.001
0.508	0.161	0.001	0.330
0.710	0.001	0.080	0.209
0.001	0.234	0.001	0.764
0.687	0.039	0.039	0.235
0.200	0.434	0.001	0.365
0.710	0.001	0.120	0.169
0.001	0.118	0.194	0.687
>GATGGATGGA	25-GATGGATGGA	10.171385	-7.526834	0	T:8.0(8.08%),B:4.4(1.13%),P:1e-3	Tpos:852.2,Tstd:993.1,Bpos:2944.5,Bstd:1924.3,StrandBias:2.4,Multiplicity:1.75
0.037	0.001	0.961	0.001
0.961	0.001	0.001	0.037
0.038	0.022	0.001	0.939
0.037	0.001	0.961	0.001
0.001	0.001	0.997	0.001
0.923	0.038	0.001	0.038
0.037	0.001	0.001	0.961
0.114	0.001	0.884	0.001
0.001	0.001	0.997	0.001
0.997	0.001	0.001	0.001
