>CAGSCTGG	1-CAGSCTGG	10.438211	-65.951709	0	T:47.0(47.47%),B:8.5(2.18%),P:1e-28	Tpos:2018.4,Tstd:2568.1,Bpos:2652.4,Bstd:2440.0,StrandBias:-0.6,Multiplicity:2.53
0.001	0.997	0.001	0.001
0.997	0.001	0.001	0.001
0.001	0.001	0.997	0.001
0.001	0.466	0.532	0.001
0.001	0.997	0.001	0.001
0.001	0.001	0.001	0.997
0.001	0.001	0.997	0.001
0.001	0.001	0.997	0.001
>AGGCTGAG	2-AGGCTGAG	10.653807	-64.248561	0	T:47.0(47.47%),B:9.1(2.34%),P:1e-27	Tpos:1829.3,Tstd:2172.2,Bpos:2953.1,Bstd:2441.0,StrandBias:0.2,Multiplicity:2.23
0.997	0.001	0.001	0.001
0.001	0.001	0.997	0.001
0.001	0.001	0.997	0.001
0.001	0.997	0.001	0.001
0.193	0.146	0.001	0.660
0.001	0.001	0.997	0.001
0.997	0.001	0.001	0.001
0.001	0.001	0.997	0.001
>CCCAGCTG	3-CCCAGCTG	7.941000	-61.207507	0	T:68.0(68.69%),B:50.3(12.91%),P:1e-26	Tpos:2243.1,Tstd:2518.9,Bpos:2350.7,Bstd:2303.0,StrandBias:0.1,Multiplicity:3.35
0.001	0.997	0.001	0.001
0.001	0.805	0.001	0.193
0.001	0.997	0.001	0.001
0.997	0.001	0.001	0.001
0.001	0.001	0.997	0.001
0.001	0.622	0.376	0.001
0.335	0.178	0.001	0.486
0.199	0.196	0.428	0.177
>AAAGTGCT	4-AAAGTGCT	8.236954	-56.146006	0	T:40.0(40.40%),B:6.0(1.54%),P:1e-24	Tpos:1604.6,Tstd:2134.9,Bpos:1958.7,Bstd:1135.3,StrandBias:-0.3,Multiplicity:1.75
0.700	0.100	0.100	0.100
0.700	0.100	0.100	0.100
0.700	0.100	0.100	0.100
0.100	0.100	0.700	0.100
0.100	0.100	0.100	0.700
0.100	0.100	0.700	0.100
0.100	0.700	0.100	0.100
0.100	0.100	0.100	0.700
>CCTGACCT	5-CCTGACCT	8.732831	-55.727439	0	T:57.0(57.58%),B:32.9(8.43%),P:1e-24	Tpos:2145.9,Tstd:2592.0,Bpos:2050.0,Bstd:2021.3,StrandBias:-0.4,Multiplicity:2.21
0.001	0.896	0.001	0.102
0.001	0.997	0.001	0.001
0.001	0.001	0.001	0.997
0.001	0.001	0.997	0.001
0.766	0.001	0.232	0.001
0.001	0.858	0.140	0.001
0.001	0.997	0.001	0.001
0.001	0.001	0.001	0.997
>TGCAGTGA	6-TGCAGTGA	7.606538	-54.132311	0	T:59.0(59.60%),B:38.5(9.86%),P:1e-23	Tpos:1969.4,Tstd:2472.6,Bpos:2030.9,Bstd:1991.0,StrandBias:0.1,Multiplicity:3.02
0.001	0.001	0.001	0.997
0.057	0.001	0.941	0.001
0.001	0.997	0.001	0.001
0.997	0.001	0.001	0.001
0.001	0.001	0.997	0.001
0.001	0.001	0.084	0.914
0.001	0.001	0.997	0.001
0.598	0.001	0.308	0.093
>GCCAGGCA	7-GCCAGGCA	7.396572	-43.409830	0	T:61.0(61.62%),B:58.8(15.08%),P:1e-18	Tpos:2661.9,Tstd:3020.7,Bpos:2144.1,Bstd:2001.1,StrandBias:0.3,Multiplicity:2.65
0.001	0.148	0.729	0.122
0.001	0.876	0.001	0.122
0.001	0.997	0.001	0.001
0.869	0.001	0.001	0.129
0.001	0.001	0.944	0.054
0.001	0.099	0.899	0.001
0.069	0.929	0.001	0.001
0.997	0.001	0.001	0.001
>TGAGCCAS	8-TGAGCCAS	7.633755	-43.225543	0	T:46.0(46.46%),B:25.8(6.63%),P:1e-18	Tpos:2252.1,Tstd:2911.4,Bpos:2766.9,Bstd:2141.2,StrandBias:-0.1,Multiplicity:2.13
0.001	0.164	0.001	0.834
0.001	0.164	0.652	0.183
0.898	0.001	0.100	0.001
0.001	0.001	0.878	0.120
0.217	0.683	0.099	0.001
0.001	0.997	0.001	0.001
0.680	0.101	0.119	0.100
0.001	0.399	0.500	0.100
>TGGGTGGR	9-TGGGTGGR	6.475510	-41.892084	0	T:69.0(69.70%),B:84.2(21.59%),P:1e-18	Tpos:2888.3,Tstd:3212.8,Bpos:2294.7,Bstd:2305.2,StrandBias:-0.4,Multiplicity:3.00
0.030	0.001	0.001	0.968
0.001	0.001	0.997	0.001
0.001	0.001	0.997	0.001
0.035	0.001	0.963	0.001
0.301	0.001	0.001	0.697
0.084	0.001	0.914	0.001
0.001	0.001	0.997	0.001
0.424	0.136	0.439	0.001
>TTTTTTTT	10-TTTTTTTT	8.236954	-41.801413	0	T:44.0(44.44%),B:23.7(6.07%),P:1e-18	Tpos:1809.2,Tstd:2065.4,Bpos:781.2,Bstd:1489.1,StrandBias:-0.7,Multiplicity:2.09
0.100	0.100	0.100	0.700
0.100	0.100	0.100	0.700
0.100	0.100	0.100	0.700
0.100	0.100	0.100	0.700
0.100	0.100	0.100	0.700
0.100	0.100	0.100	0.700
0.100	0.100	0.100	0.700
0.100	0.100	0.100	0.700
>GGGAGGCC	11-GGGAGGCC	9.360064	-40.052554	0	T:38.0(38.38%),B:15.1(3.87%),P:1e-17	Tpos:2120.9,Tstd:2857.4,Bpos:2749.2,Bstd:2333.8,StrandBias:0.2,Multiplicity:1.70
0.001	0.001	0.817	0.181
0.001	0.001	0.997	0.001
0.001	0.001	0.997	0.001
0.997	0.001	0.001	0.001
0.001	0.001	0.997	0.001
0.001	0.001	0.997	0.001
0.001	0.997	0.001	0.001
0.001	0.997	0.001	0.001
>GCCACCAC	12-GCCACCAC	8.388117	-39.866889	0	T:49.0(49.49%),B:35.3(9.05%),P:1e-17	Tpos:2310.2,Tstd:2540.6,Bpos:2814.8,Bstd:1982.3,StrandBias:0.0,Multiplicity:1.93
0.001	0.140	0.858	0.001
0.001	0.844	0.154	0.001
0.001	0.997	0.001	0.001
0.997	0.001	0.001	0.001
0.001	0.997	0.001	0.001
0.001	0.997	0.001	0.001
0.997	0.001	0.001	0.001
0.001	0.758	0.094	0.147
>ATTACAGG	13-ATTACAGG	9.737516	-38.619467	0	T:42.0(42.42%),B:24.0(6.15%),P:1e-16	Tpos:1785.9,Tstd:2012.3,Bpos:2503.4,Bstd:2433.1,StrandBias:-0.7,Multiplicity:2.76
0.997	0.001	0.001	0.001
0.001	0.264	0.001	0.734
0.001	0.001	0.001	0.997
0.997	0.001	0.001	0.001
0.001	0.997	0.001	0.001
0.997	0.001	0.001	0.001
0.001	0.001	0.997	0.001
0.001	0.001	0.997	0.001
>TTTTTTTT	14-TTTTTTTT	7.417983	-37.780452	0	T:67.0(67.68%),B:86.0(22.06%),P:1e-16	Tpos:2199.4,Tstd:2821.9,Bpos:1725.7,Bstd:2028.2,StrandBias:-0.1,Multiplicity:3.52
0.014	0.050	0.014	0.922
0.001	0.128	0.022	0.849
0.066	0.090	0.038	0.806
0.087	0.240	0.240	0.433
0.152	0.146	0.096	0.606
0.066	0.027	0.030	0.877
0.001	0.091	0.043	0.865
0.056	0.088	0.016	0.840
>AGGAGAAT	15-AGGAGAAT	9.841740	-36.903554	0	T:42.0(42.42%),B:25.8(6.60%),P:1e-16	Tpos:1492.1,Tstd:1763.5,Bpos:1764.4,Bstd:1632.3,StrandBias:0.0,Multiplicity:1.71
0.997	0.001	0.001	0.001
0.001	0.001	0.997	0.001
0.001	0.001	0.997	0.001
0.997	0.001	0.001	0.001
0.001	0.001	0.997	0.001
0.705	0.001	0.293	0.001
0.997	0.001	0.001	0.001
0.001	0.001	0.001	0.997
>MCAGGGTG	16-MCAGGGTG	7.153662	-34.251637	0	T:53.0(53.54%),B:53.9(13.83%),P:1e-14	Tpos:2438.2,Tstd:2908.5,Bpos:1988.7,Bstd:2154.3,StrandBias:0.1,Multiplicity:2.23
0.534	0.439	0.026	0.001
0.048	0.950	0.001	0.001
0.824	0.106	0.001	0.069
0.001	0.001	0.683	0.315
0.295	0.001	0.629	0.075
0.152	0.001	0.659	0.188
0.108	0.001	0.096	0.795
0.131	0.173	0.547	0.149
>CTCCAGGA	17-CTCCAGGA	7.726459	-33.463757	0	T:54.0(54.55%),B:57.2(14.66%),P:1e-14	Tpos:2203.7,Tstd:2674.1,Bpos:2493.6,Bstd:2460.0,StrandBias:0.4,Multiplicity:2.23
0.001	0.877	0.121	0.001
0.001	0.001	0.001	0.997
0.001	0.997	0.001	0.001
0.001	0.925	0.001	0.073
0.911	0.001	0.001	0.087
0.001	0.001	0.907	0.091
0.121	0.102	0.776	0.001
0.667	0.001	0.238	0.094
>CAGCTCTG	18-CAGCTCTG	7.489740	-30.382325	0	T:54.0(54.55%),B:64.0(16.40%),P:1e-13	Tpos:2297.1,Tstd:2920.5,Bpos:2584.6,Bstd:2760.8,StrandBias:-0.1,Multiplicity:2.64
0.040	0.879	0.060	0.021
0.855	0.001	0.001	0.143
0.001	0.066	0.932	0.001
0.010	0.868	0.018	0.104
0.072	0.108	0.001	0.819
0.005	0.914	0.041	0.040
0.031	0.001	0.001	0.967
0.018	0.001	0.909	0.072
>TTTTWGTA	19-TTTTWGTA	10.487717	-29.993628	0	T:34.0(34.34%),B:19.3(4.96%),P:1e-13	Tpos:2273.7,Tstd:2578.1,Bpos:1803.2,Bstd:1817.6,StrandBias:-0.8,Multiplicity:1.97
0.001	0.001	0.001	0.997
0.001	0.001	0.001	0.997
0.001	0.001	0.001	0.997
0.001	0.001	0.001	0.997
0.439	0.001	0.001	0.559
0.001	0.001	0.997	0.001
0.001	0.001	0.001	0.997
0.997	0.001	0.001	0.001
>CCCCRTCT	20-CCCCRTCT	6.653511	-29.064703	0	T:50.0(50.51%),B:55.1(14.14%),P:1e-12	Tpos:2515.3,Tstd:2763.6,Bpos:2093.3,Bstd:2649.9,StrandBias:0.8,Multiplicity:2.19
0.001	0.997	0.001	0.001
0.001	0.997	0.001	0.001
0.001	0.711	0.001	0.287
0.001	0.967	0.001	0.031
0.453	0.001	0.545	0.001
0.001	0.001	0.001	0.997
0.001	0.997	0.001	0.001
0.001	0.001	0.001	0.997
>MTCCATCY	21-MTCCATCY	9.655779	-26.770508	0	T:38.0(38.38%),B:31.1(7.97%),P:1e-11	Tpos:1625.9,Tstd:2503.5,Bpos:1994.6,Bstd:2252.1,StrandBias:-0.6,Multiplicity:2.78
0.448	0.550	0.001	0.001
0.001	0.001	0.001	0.997
0.001	0.997	0.001	0.001
0.001	0.997	0.001	0.001
0.997	0.001	0.001	0.001
0.001	0.001	0.001	0.997
0.001	0.997	0.001	0.001
0.001	0.557	0.001	0.441
>BCCTTCCY	22-BCCTTCCY	4.826811	-26.151525	0	T:68.0(68.69%),B:118.4(30.36%),P:1e-11	Tpos:2947.2,Tstd:3369.2,Bpos:1963.1,Bstd:2286.4,StrandBias:0.6,Multiplicity:4.66
0.147	0.353	0.265	0.235
0.077	0.549	0.128	0.246
0.101	0.668	0.059	0.172
0.174	0.270	0.068	0.488
0.073	0.218	0.245	0.464
0.054	0.646	0.151	0.149
0.130	0.603	0.068	0.199
0.193	0.355	0.105	0.347
>TTTAGTAG	23-TTTAGTAG	8.236954	-24.210977	0	T:25.0(25.25%),B:11.3(2.89%),P:1e-10	Tpos:2307.0,Tstd:2739.9,Bpos:2050.8,Bstd:1085.9,StrandBias:-1.0,Multiplicity:2.00
0.100	0.100	0.100	0.700
0.100	0.100	0.100	0.700
0.100	0.100	0.100	0.700
0.700	0.100	0.100	0.100
0.100	0.100	0.700	0.100
0.100	0.100	0.100	0.700
0.700	0.100	0.100	0.100
0.100	0.100	0.700	0.100
>GTGTGTGT	24-GTGTGTGT	10.919662	-21.877709	0	T:22.0(22.22%),B:9.1(2.34%),P:1e-9	Tpos:4375.9,Tstd:4512.1,Bpos:2243.7,Bstd:1654.8,StrandBias:-0.3,Multiplicity:1.86
0.137	0.001	0.861	0.001
0.001	0.001	0.001	0.997
0.001	0.001	0.997	0.001
0.001	0.001	0.001	0.997
0.001	0.001	0.997	0.001
0.001	0.001	0.001	0.997
0.001	0.001	0.997	0.001
0.001	0.001	0.001	0.997
>ATATATAT	25-ATATATAT	7.238422	-7.187717	0	T:23.0(23.23%),B:39.4(10.11%),P:1e-3	Tpos:2951.4,Tstd:2959.3,Bpos:1911.3,Bstd:1747.4,StrandBias:-0.2,Multiplicity:2.57
0.997	0.001	0.001	0.001
0.001	0.001	0.001	0.997
0.873	0.001	0.125	0.001
0.001	0.001	0.001	0.997
0.997	0.001	0.001	0.001
0.001	0.001	0.001	0.997
0.825	0.001	0.173	0.001
0.001	0.001	0.001	0.997
